1.720747343750000000e+05
1.720962968750000000e+05
1.721094375000000000e+05
1.721162343750000000e+05
1.721221093750000000e+05
1.721267031250000000e+05
1.721310781250000000e+05
1.721443593750000000e+05
1.721498593750000000e+05
1.721550312500000000e+05
1.721603125000000000e+05
1.721650625000000000e+05
1.721697031250000000e+05
1.721744687500000000e+05
1.721883125000000000e+05
1.721943437500000000e+05
1.721991250000000000e+05
1.722046406250000000e+05
1.722160625000000000e+05
1.722307812500000000e+05
1.722471718750000000e+05
1.722621718750000000e+05
1.722688750000000000e+05
1.722750000000000000e+05
1.722797968750000000e+05
1.722843593750000000e+05
1.722891250000000000e+05
1.723004843750000000e+05
1.723065312500000000e+05
1.723119531250000000e+05
1.723224843750000000e+05
1.723285625000000000e+05
1.723341562500000000e+05
1.723392812500000000e+05
1.723449687500000000e+05
1.723568593750000000e+05
1.723663125000000000e+05
1.723724062500000000e+05
1.723770937500000000e+05
1.723815000000000000e+05
1.723855000000000000e+05
1.723895937500000000e+05
1.723937968750000000e+05
1.723979843750000000e+05
1.724023281250000000e+05
1.724062187500000000e+05
1.724104687500000000e+05
1.724152343750000000e+05
1.724197187500000000e+05
1.724241562500000000e+05
1.724288750000000000e+05
1.724335625000000000e+05
1.724380937500000000e+05
1.724420781250000000e+05
1.724564062500000000e+05
1.724705312500000000e+05
1.724773125000000000e+05
1.724813906250000000e+05
1.724849687500000000e+05
1.724885625000000000e+05
1.724918906250000000e+05
1.724952500000000000e+05
1.724987812500000000e+05
1.725027031250000000e+05
1.725064375000000000e+05
1.725106093750000000e+05
1.725143750000000000e+05
1.725181093750000000e+05
1.725218281250000000e+05
1.725258125000000000e+05
1.725295156250000000e+05
1.725332343750000000e+05
1.725370625000000000e+05
1.725411718750000000e+05
1.725450156250000000e+05
1.725488281250000000e+05
1.725530312500000000e+05
1.725649062500000000e+05
1.725721093750000000e+05
1.725861406250000000e+05
1.726055156250000000e+05
1.726128437500000000e+05
1.726267343750000000e+05
1.726322343750000000e+05
1.726371250000000000e+05
1.726413125000000000e+05
1.726457656250000000e+05
1.726505156250000000e+05
1.726812343750000000e+05
1.726879375000000000e+05
1.726934843750000000e+05
1.726986875000000000e+05
1.727037812500000000e+05
1.727088281250000000e+05
1.727141718750000000e+05
1.727198593750000000e+05
1.727246875000000000e+05
1.727398750000000000e+05
1.727475156250000000e+05
1.727524218750000000e+05
1.727568906250000000e+05
1.727609218750000000e+05
1.727648437500000000e+05
1.727688750000000000e+05
1.727732812500000000e+05
1.727856562500000000e+05
1.727916093750000000e+05
1.727975156250000000e+05
1.728136406250000000e+05
1.728200937500000000e+05
1.728254843750000000e+05
1.728305312500000000e+05
1.728449531250000000e+05
1.728636406250000000e+05
1.728698125000000000e+05
1.728752812500000000e+05
1.728808125000000000e+05
1.728865468750000000e+05
1.728915625000000000e+05
1.728962812500000000e+05
1.729008281250000000e+05
1.729085000000000000e+05
1.729164062500000000e+05
1.729233437500000000e+05
1.729363281250000000e+05
1.729422812500000000e+05
1.729469843750000000e+05
1.729519531250000000e+05
1.729563593750000000e+05
1.729607968750000000e+05
1.729766406250000000e+05
1.729846875000000000e+05
1.729902500000000000e+05
1.729955625000000000e+05
1.729999218750000000e+05
1.730046718750000000e+05
1.730095781250000000e+05
1.730220937500000000e+05
1.730273906250000000e+05
1.730333593750000000e+05
1.730382343750000000e+05
1.730424375000000000e+05
1.730473750000000000e+05
1.730528750000000000e+05
1.730618906250000000e+05
1.731423437500000000e+05
1.731661718750000000e+05
1.731772500000000000e+05
1.731907500000000000e+05
1.732048437500000000e+05
1.732187968750000000e+05
1.732327812500000000e+05
1.732490625000000000e+05
1.732702656250000000e+05
1.732871718750000000e+05
1.733018906250000000e+05
1.733151093750000000e+05
1.733313906250000000e+05
1.733455468750000000e+05
1.733611875000000000e+05
1.733751875000000000e+05
1.733955312500000000e+05
1.734172500000000000e+05
1.734339531250000000e+05
1.734478750000000000e+05
1.734614531250000000e+05
1.734770937500000000e+05
1.734927343750000000e+05
1.735061562500000000e+05
1.735566406250000000e+05
1.735770312500000000e+05
1.735937343750000000e+05
1.736094375000000000e+05
1.736232031250000000e+05
1.736466875000000000e+05
1.736615937500000000e+05
1.736750156250000000e+05
1.736886250000000000e+05
1.737035156250000000e+05
1.737232031250000000e+05
1.737371562500000000e+05
1.737578750000000000e+05
1.737781562500000000e+05
1.737959687500000000e+05
1.738117968750000000e+05
1.738313906250000000e+05
1.738458437500000000e+05
1.739058437500000000e+05
1.739270156250000000e+05
1.739415156250000000e+05
1.739567031250000000e+05
1.739708125000000000e+05
1.739842343750000000e+05
1.739990625000000000e+05
1.740165156250000000e+05
1.740363125000000000e+05
1.740525312500000000e+05
1.740695781250000000e+05
1.740851875000000000e+05
1.720638906250000000e+05
1.720951562500000000e+05
1.721248437500000000e+05
1.721421875000000000e+05
1.721567343750000000e+05
1.721754531250000000e+05
1.721888906250000000e+05
1.722003125000000000e+05
1.722196406250000000e+05
1.722437500000000000e+05
1.722677812500000000e+05
1.722987031250000000e+05
1.723182343750000000e+05
1.723322968750000000e+05
1.723500781250000000e+05
1.723630625000000000e+05
1.723770625000000000e+05
1.723905781250000000e+05
1.724156562500000000e+05
1.724380937500000000e+05
1.724501718750000000e+05
1.724639531250000000e+05
1.724842343750000000e+05
1.725023281250000000e+05
1.725160000000000000e+05
1.725250312500000000e+05
1.725382343750000000e+05
1.725500781250000000e+05
1.725681718750000000e+05
1.725820781250000000e+05
1.726009062500000000e+05
1.726172812500000000e+05
1.726342656250000000e+05
1.726501250000000000e+05
1.726624062500000000e+05
1.726733593750000000e+05
1.727030781250000000e+05
1.727249062500000000e+05
1.727473281250000000e+05
1.727576250000000000e+05
1.727734843750000000e+05
1.727875625000000000e+05
1.728029062500000000e+05
1.728293750000000000e+05
1.728592343750000000e+05
1.728844843750000000e+05
1.729015312500000000e+05
1.729222500000000000e+05
1.729372656250000000e+05
1.729511562500000000e+05
1.729607343750000000e+05
1.729733906250000000e+05
1.730020156250000000e+05
1.730147656250000000e+05
1.730330937500000000e+05
1.730498125000000000e+05
1.731097031250000000e+05
1.731577656250000000e+05
1.731976250000000000e+05
1.732360000000000000e+05
1.733418906250000000e+05
1.733891562500000000e+05
1.734300468750000000e+05
1.734687187500000000e+05
1.735060468750000000e+05
1.735541250000000000e+05
1.735954687500000000e+05
1.736599687500000000e+05
1.737000781250000000e+05
1.737613750000000000e+05
1.738014843750000000e+05
1.738476406250000000e+05
1.738916875000000000e+05
1.739400468750000000e+05
1.739803750000000000e+05
1.740329375000000000e+05
1.740859843750000000e+05
1.720685937500000000e+05
1.720867031250000000e+05
1.721044062500000000e+05
1.721202031250000000e+05
1.721397031250000000e+05
1.721588750000000000e+05
1.721761250000000000e+05
1.721905000000000000e+05
1.722004218750000000e+05
1.722323750000000000e+05
1.722414375000000000e+05
1.722485781250000000e+05
1.722632343750000000e+05
1.722903750000000000e+05
1.723136093750000000e+05
1.723221562500000000e+05
1.723354531250000000e+05
1.723691875000000000e+05
1.723911718750000000e+05
1.724009843750000000e+05
1.724151562500000000e+05
1.724358593750000000e+05
1.724480312500000000e+05
1.724788906250000000e+05
1.725118906250000000e+05
1.725245781250000000e+05
1.725386875000000000e+05
1.725548125000000000e+05
1.725655000000000000e+05
1.725740625000000000e+05
1.726108906250000000e+05
1.726268125000000000e+05
1.726363437500000000e+05
1.726507500000000000e+05
1.726617031250000000e+05
1.726821250000000000e+05
1.727032187500000000e+05
1.727152812500000000e+05
1.727273750000000000e+05
1.727684062500000000e+05
1.727919687500000000e+05
1.728068437500000000e+05
1.728237656250000000e+05
1.728373281250000000e+05
1.728535000000000000e+05
1.728628281250000000e+05
1.728958750000000000e+05
1.729082031250000000e+05
1.729185156250000000e+05
1.729263125000000000e+05
1.729378750000000000e+05
1.729526250000000000e+05
1.729738906250000000e+05
1.729951406250000000e+05
1.730102343750000000e+05
1.730186250000000000e+05
1.730310625000000000e+05
1.730654687500000000e+05
1.731609375000000000e+05
1.731861093750000000e+05
1.732874375000000000e+05
1.733626718750000000e+05
1.734230156250000000e+05
1.734581093750000000e+05
1.734881562500000000e+05
1.735697031250000000e+05
1.735985468750000000e+05
1.736422500000000000e+05
1.737830781250000000e+05
1.738526562500000000e+05
1.739223906250000000e+05
1.739723281250000000e+05
1.740386875000000000e+05
1.720669375000000000e+05
1.721101562500000000e+05
1.721336875000000000e+05
1.721633750000000000e+05
1.721714375000000000e+05
1.721920312500000000e+05
1.721981562500000000e+05
1.722386093750000000e+05
1.722524375000000000e+05
1.722757968750000000e+05
1.722827500000000000e+05
1.723086406250000000e+05
1.723366093750000000e+05
1.723593750000000000e+05
1.723674687500000000e+05
1.723836718750000000e+05
1.724022500000000000e+05
1.724211875000000000e+05
1.724365781250000000e+05
1.724567187500000000e+05
1.724784531250000000e+05
1.724850000000000000e+05
1.725028750000000000e+05
1.725101406250000000e+05
1.725157656250000000e+05
1.725216718750000000e+05
1.725336093750000000e+05
1.725448437500000000e+05
1.725608906250000000e+05
1.725955781250000000e+05
1.726069843750000000e+05
1.726209531250000000e+05
1.726375156250000000e+05
1.726511093750000000e+05
1.726685625000000000e+05
1.727008593750000000e+05
1.727244375000000000e+05
1.727597968750000000e+05
1.727675937500000000e+05
1.727862812500000000e+05
1.728250156250000000e+05
1.728321406250000000e+05
1.728714687500000000e+05
1.728905156250000000e+05
1.729313281250000000e+05
1.729495781250000000e+05
1.729586718750000000e+05
1.729880000000000000e+05
1.730188437500000000e+05
1.730409531250000000e+05
1.731113750000000000e+05
1.731281093750000000e+05
1.731527812500000000e+05
1.733823593750000000e+05
1.733996250000000000e+05
1.734744375000000000e+05
1.736059062500000000e+05
1.736235781250000000e+05
1.736728125000000000e+05
1.737071875000000000e+05
1.737227500000000000e+05
1.737415625000000000e+05
1.737854218750000000e+05
1.738442187500000000e+05
1.740318437500000000e+05
1.740571093750000000e+05
1.720739531250000000e+05
1.721010312500000000e+05
1.721465781250000000e+05
1.722140468750000000e+05
1.722422031250000000e+05
1.722927187500000000e+05
1.723117812500000000e+05
1.723741406250000000e+05
1.724070000000000000e+05
1.724800156250000000e+05
1.725134687500000000e+05
1.725226093750000000e+05
1.725672968750000000e+05
1.726086406250000000e+05
1.726231562500000000e+05
1.726977187500000000e+05
1.727071562500000000e+05
1.727354843750000000e+05
1.727779218750000000e+05
1.727876250000000000e+05
1.728409843750000000e+05
1.728792968750000000e+05
1.728965781250000000e+05
1.729149687500000000e+05
1.729560468750000000e+05
1.729789687500000000e+05
1.731370781250000000e+05
1.731740937500000000e+05
1.732352187500000000e+05
1.734915468750000000e+05
1.736019687500000000e+05
1.736190937500000000e+05
1.737920000000000000e+05
1.738911875000000000e+05
1.739677187500000000e+05
1.740563750000000000e+05
1.720844687500000000e+05
1.721562343750000000e+05
1.721904218750000000e+05
1.722549687500000000e+05
1.722975156250000000e+05
1.723676562500000000e+05
1.723942812500000000e+05
1.724479843750000000e+05
1.725149218750000000e+05
1.726103437500000000e+05
1.726364843750000000e+05
1.726683906250000000e+05
1.727187187500000000e+05
1.727793125000000000e+05
1.728074843750000000e+05
1.728407343750000000e+05
1.728883437500000000e+05
1.729426875000000000e+05
1.729663906250000000e+05
1.730203125000000000e+05
1.730373437500000000e+05
1.730537968750000000e+05
1.731378281250000000e+05
1.733281093750000000e+05
1.736673750000000000e+05
1.720581406250000000e+05
1.720736093750000000e+05
1.721029218750000000e+05
1.721238906250000000e+05
1.721702656250000000e+05
1.722672187500000000e+05
1.724158125000000000e+05
1.725021406250000000e+05
1.726390000000000000e+05
1.727178593750000000e+05
1.727384843750000000e+05
1.727924687500000000e+05
1.728690312500000000e+05
1.728907343750000000e+05
1.729352968750000000e+05
1.729969531250000000e+05
1.730558750000000000e+05
1.731855312500000000e+05
1.733116718750000000e+05
1.733678750000000000e+05
1.736438593750000000e+05
1.737293593750000000e+05
1.738099531250000000e+05
1.739493750000000000e+05
1.740480625000000000e+05
1.721178750000000000e+05
1.726366093750000000e+05
1.727554375000000000e+05
1.730336875000000000e+05
1.731346093750000000e+05
1.720640312500000000e+05
1.720752031250000000e+05
1.721054218750000000e+05
1.721311718750000000e+05
1.721474218750000000e+05
1.721686718750000000e+05
1.721899375000000000e+05
1.722202343750000000e+05
1.722370937500000000e+05
1.722542500000000000e+05
1.722730625000000000e+05
1.723017343750000000e+05
1.723281093750000000e+05
1.723429218750000000e+05
1.723651406250000000e+05
1.723842656250000000e+05
1.724176250000000000e+05
1.724299843750000000e+05
1.724680781250000000e+05
1.724923906250000000e+05
1.725191718750000000e+05
1.725634218750000000e+05
1.725986406250000000e+05
1.726078750000000000e+05
1.726309843750000000e+05
1.726586562500000000e+05
1.726767187500000000e+05
1.727190312500000000e+05
1.727396406250000000e+05
1.727513750000000000e+05
1.727730156250000000e+05
1.727909375000000000e+05
1.728425000000000000e+05
1.728632968750000000e+05
1.728984687500000000e+05
1.729241562500000000e+05
1.729456718750000000e+05
1.729601093750000000e+05
1.729985312500000000e+05
1.730212812500000000e+05
1.730338906250000000e+05
1.730524062500000000e+05
1.732074687500000000e+05
1.733206718750000000e+05
1.734050781250000000e+05
1.735554218750000000e+05
1.736578281250000000e+05
1.740651718750000000e+05
1.720723593750000000e+05
1.722083437500000000e+05
1.725550937500000000e+05
1.731557031250000000e+05
1.735916875000000000e+05
1.737488906250000000e+05
1.738915781250000000e+05
1.740603593750000000e+05
1.720721875000000000e+05
1.720992187500000000e+05
1.721386718750000000e+05
1.721586406250000000e+05
1.722149843750000000e+05
1.722362812500000000e+05
1.723057500000000000e+05
1.723508437500000000e+05
1.723672343750000000e+05
1.724172187500000000e+05
1.724525156250000000e+05
1.724825156250000000e+05
1.725038125000000000e+05
1.726006250000000000e+05
1.727048125000000000e+05
1.727417031250000000e+05
1.727530625000000000e+05
1.727613906250000000e+05
1.728519218750000000e+05
1.728689062500000000e+05
1.728956250000000000e+05
1.729304843750000000e+05
1.729950312500000000e+05
1.730196875000000000e+05
1.732353281250000000e+05
1.732597656250000000e+05
1.733011250000000000e+05
1.733382968750000000e+05
1.735519218750000000e+05
1.735756406250000000e+05
1.737725312500000000e+05
1.738515468750000000e+05
1.739309531250000000e+05
1.739763593750000000e+05
1.740443125000000000e+05
1.720649062500000000e+05
1.720747343750000000e+05
1.720915937500000000e+05
1.721018437500000000e+05
1.721225156250000000e+05
1.721289843750000000e+05
1.721347343750000000e+05
1.721403437500000000e+05
1.721685000000000000e+05
1.721881093750000000e+05
1.721960625000000000e+05
1.722026718750000000e+05
1.722091562500000000e+05
1.722247968750000000e+05
1.722336562500000000e+05
1.722403437500000000e+05
1.722465000000000000e+05
1.722525625000000000e+05
1.722712187500000000e+05
1.722781875000000000e+05
1.722857500000000000e+05
1.722924062500000000e+05
1.722995312500000000e+05
1.723075625000000000e+05
1.723143125000000000e+05
1.723199687500000000e+05
1.723264531250000000e+05
1.723327812500000000e+05
1.723497187500000000e+05
1.723573125000000000e+05
1.723642031250000000e+05
1.723713125000000000e+05
1.723777187500000000e+05
1.723845000000000000e+05
1.724043437500000000e+05
1.724130000000000000e+05
1.724306406250000000e+05
1.724394218750000000e+05
1.724476093750000000e+05
1.724549375000000000e+05
1.724766406250000000e+05
1.724862343750000000e+05
1.724933750000000000e+05
1.725131250000000000e+05
1.725220625000000000e+05
1.725286718750000000e+05
1.725357031250000000e+05
1.725492812500000000e+05
1.725561250000000000e+05
1.725622500000000000e+05
1.725753750000000000e+05
1.725983750000000000e+05
1.726072968750000000e+05
1.726143750000000000e+05
1.726211562500000000e+05
1.726287343750000000e+05
1.726434218750000000e+05
1.726597812500000000e+05
1.726675781250000000e+05
1.726859375000000000e+05
1.726950000000000000e+05
1.727026093750000000e+05
1.727115625000000000e+05
1.727226250000000000e+05
1.727302968750000000e+05
1.727381250000000000e+05
1.727451875000000000e+05
1.727512343750000000e+05
1.727571875000000000e+05
1.727631093750000000e+05
1.727689375000000000e+05
1.727744062500000000e+05
1.727801093750000000e+05
1.727859843750000000e+05
1.727912343750000000e+05
1.727985156250000000e+05
1.728122031250000000e+05
1.728309843750000000e+05
1.728459375000000000e+05
1.728549531250000000e+05
1.728615625000000000e+05
1.728686093750000000e+05
1.728757656250000000e+05
1.728819531250000000e+05
1.728881875000000000e+05
1.728943593750000000e+05
1.729010468750000000e+05
1.729077656250000000e+05
1.729146093750000000e+05
1.729344218750000000e+05
1.729487812500000000e+05
1.729571875000000000e+05
1.729635781250000000e+05
1.729694843750000000e+05
1.729763593750000000e+05
1.729829531250000000e+05
1.729945468750000000e+05
1.730024531250000000e+05
1.730088906250000000e+05
1.730147187500000000e+05
1.730212343750000000e+05
1.730378906250000000e+05
1.730466562500000000e+05
1.730572031250000000e+05
1.731509062500000000e+05
1.731743593750000000e+05
1.731945312500000000e+05
1.732171406250000000e+05
1.732772031250000000e+05
1.733073437500000000e+05
1.733308906250000000e+05
1.733862187500000000e+05
1.734094375000000000e+05
1.734358125000000000e+05
1.734574375000000000e+05
1.734781875000000000e+05
1.734974843750000000e+05
1.735421406250000000e+05
1.735695937500000000e+05
1.735936718750000000e+05
1.736138437500000000e+05
1.736645625000000000e+05
1.736844843750000000e+05
1.737101406250000000e+05
1.737335937500000000e+05
1.737588437500000000e+05
1.737923125000000000e+05
1.738122187500000000e+05
1.738393593750000000e+05
1.738592968750000000e+05
1.738791093750000000e+05
1.738992812500000000e+05
1.739248593750000000e+05
1.739449843750000000e+05
1.739666250000000000e+05
1.740434843750000000e+05
1.740635156250000000e+05
1.740836250000000000e+05
1.741061718750000000e+05
1.720695781250000000e+05
1.720783593750000000e+05
1.720896250000000000e+05
1.721004687500000000e+05
1.721179687500000000e+05
1.721240468750000000e+05
1.721295625000000000e+05
1.721346250000000000e+05
1.721393125000000000e+05
1.721515000000000000e+05
1.721595781250000000e+05
1.721757343750000000e+05
1.721828906250000000e+05
1.721893281250000000e+05
1.721975156250000000e+05
1.722056250000000000e+05
1.722115625000000000e+05
1.722168437500000000e+05
1.722275937500000000e+05
1.722347343750000000e+05
1.722416718750000000e+05
1.722525000000000000e+05
1.722601875000000000e+05
1.722684375000000000e+05
1.722751093750000000e+05
1.722811406250000000e+05
1.722865312500000000e+05
1.722915000000000000e+05
1.722968125000000000e+05
1.723040937500000000e+05
1.723137187500000000e+05
1.723207812500000000e+05
1.723272968750000000e+05
1.723332968750000000e+05
1.723390937500000000e+05
1.723447187500000000e+05
1.723504218750000000e+05
1.723657968750000000e+05
1.723759687500000000e+05
1.723861406250000000e+05
1.723935937500000000e+05
1.724030312500000000e+05
1.724118593750000000e+05
1.724180312500000000e+05
1.724299062500000000e+05
1.724367656250000000e+05
1.724425781250000000e+05
1.724481875000000000e+05
1.724600781250000000e+05
1.724674531250000000e+05
1.724758125000000000e+05
1.724814218750000000e+05
1.724873281250000000e+05
1.724960625000000000e+05
1.725028906250000000e+05
1.725120468750000000e+05
1.725240781250000000e+05
1.725319687500000000e+05
1.725383125000000000e+05
1.725435468750000000e+05
1.725484687500000000e+05
1.725541875000000000e+05
1.725595156250000000e+05
1.725652812500000000e+05
1.725710000000000000e+05
1.725765156250000000e+05
1.725817031250000000e+05
1.725882500000000000e+05
1.725935468750000000e+05
1.725992187500000000e+05
1.726048593750000000e+05
1.726146093750000000e+05
1.726244843750000000e+05
1.726310937500000000e+05
1.726366406250000000e+05
1.726464375000000000e+05
1.726539531250000000e+05
1.726602812500000000e+05
1.726656718750000000e+05
1.726714687500000000e+05
1.726835468750000000e+05
1.726919531250000000e+05
1.726984218750000000e+05
1.727045937500000000e+05
1.727198437500000000e+05
1.727356875000000000e+05
1.727435000000000000e+05
1.727580625000000000e+05
1.727719375000000000e+05
1.727829843750000000e+05
1.727935781250000000e+05
1.728003281250000000e+05
1.728064531250000000e+05
1.728140468750000000e+05
1.728248906250000000e+05
1.728327343750000000e+05
1.728395937500000000e+05
1.728467812500000000e+05
1.728557968750000000e+05
1.728667968750000000e+05
1.728741250000000000e+05
1.728837968750000000e+05
1.728900937500000000e+05
1.729028906250000000e+05
1.729118906250000000e+05
1.729191406250000000e+05
1.729260000000000000e+05
1.729330781250000000e+05
1.729478125000000000e+05
1.729574375000000000e+05
1.729645156250000000e+05
1.729709843750000000e+05
1.729805000000000000e+05
1.729880312500000000e+05
1.729952031250000000e+05
1.730109062500000000e+05
1.730177187500000000e+05
1.730249218750000000e+05
1.730387968750000000e+05
1.730585156250000000e+05
1.730939218750000000e+05
1.731250312500000000e+05
1.731504687500000000e+05
1.731746718750000000e+05
1.731877343750000000e+05
1.732042500000000000e+05
1.732235468750000000e+05
1.732431875000000000e+05
1.733039843750000000e+05
1.733442500000000000e+05
1.733848437500000000e+05
1.734040312500000000e+05
1.734288750000000000e+05
1.734479687500000000e+05
1.734659531250000000e+05
1.734856406250000000e+05
1.735051406250000000e+05
1.735223593750000000e+05
1.735437187500000000e+05
1.735663750000000000e+05
1.736172031250000000e+05
1.736379843750000000e+05
1.736579687500000000e+05
1.736739531250000000e+05
1.737067812500000000e+05
1.737256093750000000e+05
1.737439531250000000e+05
1.737668437500000000e+05
1.737897500000000000e+05
1.738104687500000000e+05
1.738277500000000000e+05
1.738472656250000000e+05
1.738705781250000000e+05
1.738996406250000000e+05
1.739175781250000000e+05
1.739379375000000000e+05
1.739760625000000000e+05
1.740262343750000000e+05
1.740525312500000000e+05
1.740836406250000000e+05
1.741554218750000000e+05
1.720683906250000000e+05
1.720976718750000000e+05
1.721137812500000000e+05
1.721284375000000000e+05
1.721451093750000000e+05
1.721715468750000000e+05
1.721976875000000000e+05
1.722468906250000000e+05
1.722624531250000000e+05
1.722687812500000000e+05
1.722918125000000000e+05
1.723024218750000000e+05
1.723147500000000000e+05
1.723224062500000000e+05
1.723391718750000000e+05
1.723502187500000000e+05
1.723981250000000000e+05
1.724107500000000000e+05
1.724177343750000000e+05
1.724380781250000000e+05
1.724870625000000000e+05
1.725049843750000000e+05
1.725220937500000000e+05
1.725612656250000000e+05
1.725731562500000000e+05
1.726076875000000000e+05
1.726261406250000000e+05
1.726400156250000000e+05
1.726728906250000000e+05
1.726986875000000000e+05
1.727059375000000000e+05
1.727196875000000000e+05
1.727434531250000000e+05
1.727712187500000000e+05
1.727886875000000000e+05
1.728096562500000000e+05
1.728320625000000000e+05
1.728595000000000000e+05
1.728807500000000000e+05
1.728897343750000000e+05
1.729058906250000000e+05
1.729405312500000000e+05
1.729915468750000000e+05
1.730113125000000000e+05
1.730305625000000000e+05
1.731088906250000000e+05
1.732080625000000000e+05
1.732911093750000000e+05
1.733057187500000000e+05
1.733200468750000000e+05
1.733324687500000000e+05
1.733513750000000000e+05
1.733929218750000000e+05
1.735250937500000000e+05
1.735665468750000000e+05
1.735973906250000000e+05
1.736498281250000000e+05
1.736644218750000000e+05
1.737518281250000000e+05
1.737720625000000000e+05
1.738523906250000000e+05
1.739012187500000000e+05
1.739837812500000000e+05
1.740368906250000000e+05
1.720626250000000000e+05
1.720694531250000000e+05
1.720955156250000000e+05
1.721215156250000000e+05
1.721353593750000000e+05
1.721583125000000000e+05
1.721743906250000000e+05
1.721863593750000000e+05
1.721996093750000000e+05
1.722128281250000000e+05
1.722262187500000000e+05
1.722350937500000000e+05
1.722462812500000000e+05
1.722534531250000000e+05
1.722654062500000000e+05
1.722806250000000000e+05
1.722951250000000000e+05
1.723136718750000000e+05
1.723268125000000000e+05
1.723348281250000000e+05
1.723463750000000000e+05
1.723567187500000000e+05
1.723678281250000000e+05
1.723830468750000000e+05
1.723939843750000000e+05
1.724074843750000000e+05
1.724147656250000000e+05
1.724196562500000000e+05
1.724401406250000000e+05
1.724527343750000000e+05
1.724738125000000000e+05
1.724848750000000000e+05
1.724983750000000000e+05
1.725119843750000000e+05
1.725267812500000000e+05
1.725330937500000000e+05
1.725390781250000000e+05
1.725446718750000000e+05
1.725509375000000000e+05
1.725568125000000000e+05
1.725626406250000000e+05
1.725821718750000000e+05
1.725993437500000000e+05
1.726224062500000000e+05
1.726409843750000000e+05
1.726510625000000000e+05
1.726564843750000000e+05
1.726618437500000000e+05
1.726706250000000000e+05
1.726877343750000000e+05
1.726952187500000000e+05
1.727025156250000000e+05
1.727213437500000000e+05
1.727288437500000000e+05
1.727508125000000000e+05
1.727676406250000000e+05
1.727743281250000000e+05
1.727793281250000000e+05
1.727990625000000000e+05
1.728132500000000000e+05
1.728228906250000000e+05
1.728368125000000000e+05
1.728428906250000000e+05
1.728543281250000000e+05
1.728743437500000000e+05
1.728959218750000000e+05
1.729146093750000000e+05
1.729304062500000000e+05
1.729410156250000000e+05
1.729611406250000000e+05
1.729736406250000000e+05
1.729895000000000000e+05
1.729963281250000000e+05
1.730020625000000000e+05
1.730118437500000000e+05
1.730203593750000000e+05
1.730403281250000000e+05
1.730510312500000000e+05
1.732231093750000000e+05
1.732434062500000000e+05
1.733172812500000000e+05
1.733750156250000000e+05
1.733940000000000000e+05
1.734423906250000000e+05
1.734615625000000000e+05
1.734785156250000000e+05
1.735213593750000000e+05
1.735965000000000000e+05
1.736142343750000000e+05
1.736349218750000000e+05
1.737132656250000000e+05
1.737821093750000000e+05
1.738755000000000000e+05
1.739505937500000000e+05
1.739718906250000000e+05
1.740402187500000000e+05
1.740590625000000000e+05
1.720750312500000000e+05
1.721349843750000000e+05
1.721915937500000000e+05
1.722610625000000000e+05
1.722822031250000000e+05
1.723533281250000000e+05
1.724123906250000000e+05
1.724281718750000000e+05
1.724504375000000000e+05
1.724879375000000000e+05
1.725209218750000000e+05
1.725424531250000000e+05
1.725618125000000000e+05
1.726716875000000000e+05
1.727314843750000000e+05
1.728253906250000000e+05
1.728969687500000000e+05
1.729572812500000000e+05
1.729984375000000000e+05
1.730401718750000000e+05
1.740767968750000000e+05
1.720706562500000000e+05
1.721205312500000000e+05
1.721499687500000000e+05
1.721852656250000000e+05
1.722365468750000000e+05
1.722683125000000000e+05
1.722940312500000000e+05
1.723539531250000000e+05
1.723795468750000000e+05
1.724265781250000000e+05
1.724471250000000000e+05
1.724787343750000000e+05
1.725253906250000000e+05
1.725622812500000000e+05
1.726224843750000000e+05
1.726618750000000000e+05
1.727069218750000000e+05
1.727828593750000000e+05
1.728397031250000000e+05
1.728764531250000000e+05
1.729710000000000000e+05
1.730062500000000000e+05
1.730436875000000000e+05
1.731754375000000000e+05
1.736979062500000000e+05
1.738267656250000000e+05
1.740653125000000000e+05
1.720825937500000000e+05
1.729197031250000000e+05
1.737116562500000000e+05
1.738017187500000000e+05
1.740722812500000000e+05
1.720700468750000000e+05
1.720860468750000000e+05
1.720926875000000000e+05
1.720986250000000000e+05
1.721137500000000000e+05
1.721225156250000000e+05
1.721290000000000000e+05
1.721428281250000000e+05
1.721627187500000000e+05
1.721771562500000000e+05
1.721945000000000000e+05
1.722098125000000000e+05
1.722196093750000000e+05
1.722396562500000000e+05
1.722484218750000000e+05
1.722637968750000000e+05
1.722737031250000000e+05
1.722882812500000000e+05
1.722960625000000000e+05
1.723038750000000000e+05
1.723158125000000000e+05
1.723245000000000000e+05
1.723408750000000000e+05
1.723541718750000000e+05
1.723702500000000000e+05
1.723815468750000000e+05
1.723954687500000000e+05
1.724089218750000000e+05
1.724175468750000000e+05
1.724342500000000000e+05
1.724424531250000000e+05
1.724605468750000000e+05
1.724750000000000000e+05
1.724880625000000000e+05
1.725014375000000000e+05
1.725179843750000000e+05
1.725528750000000000e+05
1.725697187500000000e+05
1.725875937500000000e+05
1.726014687500000000e+05
1.726172656250000000e+05
1.726334375000000000e+05
1.726483906250000000e+05
1.726607968750000000e+05
1.726778437500000000e+05
1.726952656250000000e+05
1.727043593750000000e+05
1.727264843750000000e+05
1.727437812500000000e+05
1.727519375000000000e+05
1.727628281250000000e+05
1.727769531250000000e+05
1.727908750000000000e+05
1.728054375000000000e+05
1.728230000000000000e+05
1.728316875000000000e+05
1.728520937500000000e+05
1.728597187500000000e+05
1.728820781250000000e+05
1.728950000000000000e+05
1.729072812500000000e+05
1.729226406250000000e+05
1.729447656250000000e+05
1.729612968750000000e+05
1.729841250000000000e+05
1.729995781250000000e+05
1.730085781250000000e+05
1.730196093750000000e+05
1.730334687500000000e+05
1.730565781250000000e+05
1.731122812500000000e+05
1.732169375000000000e+05
1.732900625000000000e+05
1.733254687500000000e+05
1.733501093750000000e+05
1.734370781250000000e+05
1.734972187500000000e+05
1.735312968750000000e+05
1.735864687500000000e+05
1.736573906250000000e+05
1.737190156250000000e+05
1.737925937500000000e+05
1.738227968750000000e+05
1.738653593750000000e+05
1.739387968750000000e+05
1.739952187500000000e+05
1.740856562500000000e+05
1.720662031250000000e+05
1.721403281250000000e+05
1.723800781250000000e+05
1.724196093750000000e+05
1.724800000000000000e+05
1.725782656250000000e+05
1.726324531250000000e+05
1.726689062500000000e+05
1.727028437500000000e+05
1.727470000000000000e+05
1.727837500000000000e+05
1.728524375000000000e+05
1.729462343750000000e+05
1.730438281250000000e+05
1.732599375000000000e+05
1.733071875000000000e+05
1.733852031250000000e+05
1.735257187500000000e+05
1.736215000000000000e+05
1.737861875000000000e+05
1.738768906250000000e+05
1.739682656250000000e+05
1.740527031250000000e+05
1.720750625000000000e+05
1.720837500000000000e+05
1.720924531250000000e+05
1.721002656250000000e+05
1.721098281250000000e+05
1.721184687500000000e+05
1.721269687500000000e+05
1.721333906250000000e+05
1.721409218750000000e+05
1.721495000000000000e+05
1.721570000000000000e+05
1.721667031250000000e+05
1.721749687500000000e+05
1.721807343750000000e+05
1.721870781250000000e+05
1.721942812500000000e+05
1.722029062500000000e+05
1.722124531250000000e+05
1.722222187500000000e+05
1.722298906250000000e+05
1.722370937500000000e+05
1.722436718750000000e+05
1.722507968750000000e+05
1.722576718750000000e+05
1.722647187500000000e+05
1.722724375000000000e+05
1.722798750000000000e+05
1.722862031250000000e+05
1.722933593750000000e+05
1.723001406250000000e+05
1.723074062500000000e+05
1.723143125000000000e+05
1.723232343750000000e+05
1.723314687500000000e+05
1.723398281250000000e+05
1.723483281250000000e+05
1.723568906250000000e+05
1.723661250000000000e+05
1.723731093750000000e+05
1.723798437500000000e+05
1.723879375000000000e+05
1.723957031250000000e+05
1.724022500000000000e+05
1.724079531250000000e+05
1.724146250000000000e+05
1.724209218750000000e+05
1.724278125000000000e+05
1.724349687500000000e+05
1.724411093750000000e+05
1.724466562500000000e+05
1.724535468750000000e+05
1.724610312500000000e+05
1.724698906250000000e+05
1.724777343750000000e+05
1.724857656250000000e+05
1.724941718750000000e+05
1.725022968750000000e+05
1.725092500000000000e+05
1.725168437500000000e+05
1.725225781250000000e+05
1.725285156250000000e+05
1.725344843750000000e+05
1.725421406250000000e+05
1.725488281250000000e+05
1.725573281250000000e+05
1.725664687500000000e+05
1.725757500000000000e+05
1.725858125000000000e+05
1.725945312500000000e+05
1.726029687500000000e+05
1.726116562500000000e+05
1.726187031250000000e+05
1.726260625000000000e+05
1.726336093750000000e+05
1.726408281250000000e+05
1.726483750000000000e+05
1.726551718750000000e+05
1.726636250000000000e+05
1.726708281250000000e+05
1.726781406250000000e+05
1.726850156250000000e+05
1.726925156250000000e+05
1.727004531250000000e+05
1.727097500000000000e+05
1.727184218750000000e+05
1.727250312500000000e+05
1.727324843750000000e+05
1.727408906250000000e+05
1.727499843750000000e+05
1.727577500000000000e+05
1.727651875000000000e+05
1.727724375000000000e+05
1.727789062500000000e+05
1.727870468750000000e+05
1.727951562500000000e+05
1.728024843750000000e+05
1.728093281250000000e+05
1.728172187500000000e+05
1.728230156250000000e+05
1.728288750000000000e+05
1.728352968750000000e+05
1.728414375000000000e+05
1.728481250000000000e+05
1.728555468750000000e+05
1.728653281250000000e+05
1.728729843750000000e+05
1.728811875000000000e+05
1.728883281250000000e+05
1.728956718750000000e+05
1.729041875000000000e+05
1.729120781250000000e+05
1.729208437500000000e+05
1.729279375000000000e+05
1.729352812500000000e+05
1.729422812500000000e+05
1.729493906250000000e+05
1.729571875000000000e+05
1.729652500000000000e+05
1.729722187500000000e+05
1.729785625000000000e+05
1.729857343750000000e+05
1.729936562500000000e+05
1.730005937500000000e+05
1.730072031250000000e+05
1.730144687500000000e+05
1.730221093750000000e+05
1.730281406250000000e+05
1.730342656250000000e+05
1.730403437500000000e+05
1.730477500000000000e+05
1.730577500000000000e+05
1.730727500000000000e+05
1.731013437500000000e+05
1.731682812500000000e+05
1.731858125000000000e+05
1.732058906250000000e+05
1.732285937500000000e+05
1.732599843750000000e+05
1.733030000000000000e+05
1.733282812500000000e+05
1.733532968750000000e+05
1.733821406250000000e+05
1.734210937500000000e+05
1.734453437500000000e+05
1.734736562500000000e+05
1.735030000000000000e+05
1.735271406250000000e+05
1.735824843750000000e+05
1.736077656250000000e+05
1.736336093750000000e+05
1.736670312500000000e+05
1.736894062500000000e+05
1.737183125000000000e+05
1.737510156250000000e+05
1.737906093750000000e+05
1.738211250000000000e+05
1.738570156250000000e+05
1.738873125000000000e+05
1.739301406250000000e+05
1.739564687500000000e+05
1.739850781250000000e+05
1.740125000000000000e+05
1.740475000000000000e+05
1.740745781250000000e+05
1.741136562500000000e+05
1.720725937500000000e+05
1.722172656250000000e+05
1.723302187500000000e+05
1.724694062500000000e+05
1.725349375000000000e+05
1.726316875000000000e+05
1.726604218750000000e+05
1.727764062500000000e+05
1.728095468750000000e+05
1.728498906250000000e+05
1.729190000000000000e+05
1.731850000000000000e+05
1.732390312500000000e+05
1.733153593750000000e+05
1.734077812500000000e+05
1.735159843750000000e+05
1.735748437500000000e+05
1.738130156250000000e+05
1.738591875000000000e+05
1.738874375000000000e+05
1.739787968750000000e+05
1.740307187500000000e+05
1.720779062500000000e+05
1.720988750000000000e+05
1.721393906250000000e+05
1.721681093750000000e+05
1.722061875000000000e+05
1.722516875000000000e+05
1.723285156250000000e+05
1.723845625000000000e+05
1.724110000000000000e+05
1.724552656250000000e+05
1.724899843750000000e+05
1.725310625000000000e+05
1.725629062500000000e+05
1.725736250000000000e+05
1.726248125000000000e+05
1.726402656250000000e+05
1.726679687500000000e+05
1.727043906250000000e+05
1.727924531250000000e+05
1.728066718750000000e+05
1.728331406250000000e+05
1.729133125000000000e+05
1.729273437500000000e+05
1.729836875000000000e+05
1.730170625000000000e+05
1.730511406250000000e+05
1.733264843750000000e+05
1.734988593750000000e+05
1.736086875000000000e+05
1.739640781250000000e+05
1.741107812500000000e+05
1.720709843750000000e+05
1.721055156250000000e+05
1.721382343750000000e+05
1.721708125000000000e+05
1.722236875000000000e+05
1.722541875000000000e+05
1.722895156250000000e+05
1.723172968750000000e+05
1.723808906250000000e+05
1.724127968750000000e+05
1.724411093750000000e+05
1.726146093750000000e+05
1.727741093750000000e+05
1.728206406250000000e+05
1.728540468750000000e+05
1.729271875000000000e+05
1.729670781250000000e+05
1.729952343750000000e+05
1.730491718750000000e+05
1.731852500000000000e+05
1.732545781250000000e+05
1.733386875000000000e+05
1.734308437500000000e+05
1.735059687500000000e+05
1.738288593750000000e+05
1.740558437500000000e+05
1.720720312500000000e+05
1.721009218750000000e+05
1.721328750000000000e+05
1.721660156250000000e+05
1.721885468750000000e+05
1.721971562500000000e+05
1.722150781250000000e+05
1.722450000000000000e+05
1.722646718750000000e+05
1.722718125000000000e+05
1.722785625000000000e+05
1.722882187500000000e+05
1.723025781250000000e+05
1.723120937500000000e+05
1.723346406250000000e+05
1.723428593750000000e+05
1.723573593750000000e+05
1.723711562500000000e+05
1.723945312500000000e+05
1.724142812500000000e+05
1.724269843750000000e+05
1.724444843750000000e+05
1.724581093750000000e+05
1.724819218750000000e+05
1.725046250000000000e+05
1.725321093750000000e+05
1.725453750000000000e+05
1.725589218750000000e+05
1.725788906250000000e+05
1.725988593750000000e+05
1.726280156250000000e+05
1.726590156250000000e+05
1.726689843750000000e+05
1.726864218750000000e+05
1.726938906250000000e+05
1.727182968750000000e+05
1.727552812500000000e+05
1.727653593750000000e+05
1.727779687500000000e+05
1.728067500000000000e+05
1.728165312500000000e+05
1.728402187500000000e+05
1.728654062500000000e+05
1.728927500000000000e+05
1.729379062500000000e+05
1.729579062500000000e+05
1.729820000000000000e+05
1.730112968750000000e+05
1.730333437500000000e+05
1.730459218750000000e+05
1.731311562500000000e+05
1.733517500000000000e+05
1.733941250000000000e+05
1.734089218750000000e+05
1.734557343750000000e+05
1.737630312500000000e+05
1.738410000000000000e+05
1.738593750000000000e+05
1.739073593750000000e+05
1.739648125000000000e+05
1.740268906250000000e+05
1.740685000000000000e+05
1.720730625000000000e+05
1.721038906250000000e+05
1.721469843750000000e+05
1.721954843750000000e+05
1.722133750000000000e+05
1.722474375000000000e+05
1.723010781250000000e+05
1.723149062500000000e+05
1.723245937500000000e+05
1.723335000000000000e+05
1.723804843750000000e+05
1.723994531250000000e+05
1.724131093750000000e+05
1.724512656250000000e+05
1.724591562500000000e+05
1.725180937500000000e+05
1.725354375000000000e+05
1.725522968750000000e+05
1.725616406250000000e+05
1.726078593750000000e+05
1.726296093750000000e+05
1.726668906250000000e+05
1.727149062500000000e+05
1.727390781250000000e+05
1.727680000000000000e+05
1.727860312500000000e+05
1.727983281250000000e+05
1.728429687500000000e+05
1.728883593750000000e+05
1.728976406250000000e+05
1.729142968750000000e+05
1.729539218750000000e+05
1.729852656250000000e+05
1.730162968750000000e+05
1.731369687500000000e+05
1.731906093750000000e+05
1.732283593750000000e+05
1.732595156250000000e+05
1.732903437500000000e+05
1.733228437500000000e+05
1.733963593750000000e+05
1.734237812500000000e+05
1.734669062500000000e+05
1.734870312500000000e+05
1.735084062500000000e+05
1.735538125000000000e+05
1.736176406250000000e+05
1.736586250000000000e+05
1.737254375000000000e+05
1.737633750000000000e+05
1.737951718750000000e+05
1.738209687500000000e+05
1.738518750000000000e+05
1.738724531250000000e+05
1.739003125000000000e+05
1.739300625000000000e+05
1.739523437500000000e+05
1.739762812500000000e+05
1.740562031250000000e+05
1.740758125000000000e+05
1.720615937500000000e+05
1.720757187500000000e+05
1.720927343750000000e+05
1.721022187500000000e+05
1.721218593750000000e+05
1.721390468750000000e+05
1.721801562500000000e+05
1.721997656250000000e+05
1.722203125000000000e+05
1.722414531250000000e+05
1.722526562500000000e+05
1.722695000000000000e+05
1.722835625000000000e+05
1.722989375000000000e+05
1.723212500000000000e+05
1.723554062500000000e+05
1.723797187500000000e+05
1.724040625000000000e+05
1.724156562500000000e+05
1.724367187500000000e+05
1.724523593750000000e+05
1.724894062500000000e+05
1.725034531250000000e+05
1.725193281250000000e+05
1.725412656250000000e+05
1.725651406250000000e+05
1.725874375000000000e+05
1.726043906250000000e+05
1.726197656250000000e+05
1.726350312500000000e+05
1.726520000000000000e+05
1.726684062500000000e+05
1.726992812500000000e+05
1.727127031250000000e+05
1.727398906250000000e+05
1.727626718750000000e+05
1.727784687500000000e+05
1.727973437500000000e+05
1.728123906250000000e+05
1.728317968750000000e+05
1.728675625000000000e+05
1.728836718750000000e+05
1.729018750000000000e+05
1.729229531250000000e+05
1.729508125000000000e+05
1.729770312500000000e+05
1.729951718750000000e+05
1.730059375000000000e+05
1.730163906250000000e+05
1.730413281250000000e+05
1.731493593750000000e+05
1.733272968750000000e+05
1.733982968750000000e+05
1.736629062500000000e+05
1.737955312500000000e+05
1.740870000000000000e+05
1.720704375000000000e+05
1.721152031250000000e+05
1.721700937500000000e+05
1.721918437500000000e+05
1.722132500000000000e+05
1.722380937500000000e+05
1.722700937500000000e+05
1.722953906250000000e+05
1.723132343750000000e+05
1.723251250000000000e+05
1.723482187500000000e+05
1.723693593750000000e+05
1.723916562500000000e+05
1.724060781250000000e+05
1.724145468750000000e+05
1.724363593750000000e+05
1.724588750000000000e+05
1.724754687500000000e+05
1.725190000000000000e+05
1.725374843750000000e+05
1.725506250000000000e+05
1.725639843750000000e+05
1.725740000000000000e+05
1.726294375000000000e+05
1.726527343750000000e+05
1.727195625000000000e+05
1.727307500000000000e+05
1.727500156250000000e+05
1.727809062500000000e+05
1.727952500000000000e+05
1.728447968750000000e+05
1.728839062500000000e+05
1.729181562500000000e+05
1.729388593750000000e+05
1.729591875000000000e+05
1.729790000000000000e+05
1.729896875000000000e+05
1.730120468750000000e+05
1.730273906250000000e+05
1.730452343750000000e+05
1.730584218750000000e+05
1.731180937500000000e+05
1.731750468750000000e+05
1.732239531250000000e+05
1.732716250000000000e+05
1.732953593750000000e+05
1.733343125000000000e+05
1.734012656250000000e+05
1.734232500000000000e+05
1.734427031250000000e+05
1.735134531250000000e+05
1.735493281250000000e+05
1.736341250000000000e+05
1.736530000000000000e+05
1.736778125000000000e+05
1.737064062500000000e+05
1.737265000000000000e+05
1.737757500000000000e+05
1.737967187500000000e+05
1.738721875000000000e+05
1.739835937500000000e+05
1.740008593750000000e+05
1.740524375000000000e+05
1.740695781250000000e+05
1.720750937500000000e+05
1.720955000000000000e+05
1.721149531250000000e+05
1.721239062500000000e+05
1.721358750000000000e+05
1.721490937500000000e+05
1.721702656250000000e+05
1.721998281250000000e+05
1.722170937500000000e+05
1.722254531250000000e+05
1.722374375000000000e+05
1.722455000000000000e+05
1.722635937500000000e+05
1.722728593750000000e+05
1.722937031250000000e+05
1.723011406250000000e+05
1.723178906250000000e+05
1.723438125000000000e+05
1.723603281250000000e+05
1.723842656250000000e+05
1.723992968750000000e+05
1.724086406250000000e+05
1.724163437500000000e+05
1.724333906250000000e+05
1.724462812500000000e+05
1.724660312500000000e+05
1.724822187500000000e+05
1.725014218750000000e+05
1.725147812500000000e+05
1.725324218750000000e+05
1.725513906250000000e+05
1.725670937500000000e+05
1.725784375000000000e+05
1.725870625000000000e+05
1.725987812500000000e+05
1.726121875000000000e+05
1.726282500000000000e+05
1.726391250000000000e+05
1.726528281250000000e+05
1.726705000000000000e+05
1.726842343750000000e+05
1.726937500000000000e+05
1.727012968750000000e+05
1.727091250000000000e+05
1.727226875000000000e+05
1.727295625000000000e+05
1.727435625000000000e+05
1.727523906250000000e+05
1.727805000000000000e+05
1.728011718750000000e+05
1.728140312500000000e+05
1.728247500000000000e+05
1.728320156250000000e+05
1.728468125000000000e+05
1.728613593750000000e+05
1.728789531250000000e+05
1.728888125000000000e+05
1.729047656250000000e+05
1.729207031250000000e+05
1.729306406250000000e+05
1.729414375000000000e+05
1.729532968750000000e+05
1.729703593750000000e+05
1.729912812500000000e+05
1.729993593750000000e+05
1.730054218750000000e+05
1.730178593750000000e+05
1.730377031250000000e+05
1.730531093750000000e+05
1.731566093750000000e+05
1.732153125000000000e+05
1.732824062500000000e+05
1.733088281250000000e+05
1.733341562500000000e+05
1.733722812500000000e+05
1.734056250000000000e+05
1.734496250000000000e+05
1.735265937500000000e+05
1.735853593750000000e+05
1.736450625000000000e+05
1.736749218750000000e+05
1.737252656250000000e+05
1.737634531250000000e+05
1.738164375000000000e+05
1.738611875000000000e+05
1.739197187500000000e+05
1.739518437500000000e+05
1.739933125000000000e+05
1.740573593750000000e+05
1.720728750000000000e+05
1.720927656250000000e+05
1.721022656250000000e+05
1.721106875000000000e+05
1.721245781250000000e+05
1.721339062500000000e+05
1.721415312500000000e+05
1.721645625000000000e+05
1.721732968750000000e+05
1.721904375000000000e+05
1.721988125000000000e+05
1.722064375000000000e+05
1.722127812500000000e+05
1.722193906250000000e+05
1.722261718750000000e+05
1.722472812500000000e+05
1.722553281250000000e+05
1.722704687500000000e+05
1.722807031250000000e+05
1.722892031250000000e+05
1.723079843750000000e+05
1.723155781250000000e+05
1.723235156250000000e+05
1.723341406250000000e+05
1.723436718750000000e+05
1.723527187500000000e+05
1.723597500000000000e+05
1.723664375000000000e+05
1.723722187500000000e+05
1.723778281250000000e+05
1.723844218750000000e+05
1.724069062500000000e+05
1.724155625000000000e+05
1.724305781250000000e+05
1.724396562500000000e+05
1.724483437500000000e+05
1.724609218750000000e+05
1.724692968750000000e+05
1.724768437500000000e+05
1.724843437500000000e+05
1.724918281250000000e+05
1.724980156250000000e+05
1.725047968750000000e+05
1.725110781250000000e+05
1.725172031250000000e+05
1.725233125000000000e+05
1.725291875000000000e+05
1.725358750000000000e+05
1.725427500000000000e+05
1.725488125000000000e+05
1.725551250000000000e+05
1.725615312500000000e+05
1.725677968750000000e+05
1.725743750000000000e+05
1.725818593750000000e+05
1.725911406250000000e+05
1.726008593750000000e+05
1.726080000000000000e+05
1.726152968750000000e+05
1.726302812500000000e+05
1.726385312500000000e+05
1.726465468750000000e+05
1.726535468750000000e+05
1.726602187500000000e+05
1.726659531250000000e+05
1.726717187500000000e+05
1.726777343750000000e+05
1.726837812500000000e+05
1.726898125000000000e+05
1.726967500000000000e+05
1.727030312500000000e+05
1.727085312500000000e+05
1.727156093750000000e+05
1.727228437500000000e+05
1.727300156250000000e+05
1.727362812500000000e+05
1.727427500000000000e+05
1.727492031250000000e+05
1.727557812500000000e+05
1.727630781250000000e+05
1.727710625000000000e+05
1.727789218750000000e+05
1.727966875000000000e+05
1.728070156250000000e+05
1.728162031250000000e+05
1.728229843750000000e+05
1.728419218750000000e+05
1.728512031250000000e+05
1.728595156250000000e+05
1.728720000000000000e+05
1.728802500000000000e+05
1.728880312500000000e+05
1.728955468750000000e+05
1.729016875000000000e+05
1.729076718750000000e+05
1.729140000000000000e+05
1.729207656250000000e+05
1.729265156250000000e+05
1.729353906250000000e+05
1.729456562500000000e+05
1.729533437500000000e+05
1.729610625000000000e+05
1.729682500000000000e+05
1.729898593750000000e+05
1.730004375000000000e+05
1.730150468750000000e+05
1.730243906250000000e+05
1.730321406250000000e+05
1.730397656250000000e+05
1.730468593750000000e+05
1.730558437500000000e+05
1.731341718750000000e+05
1.731745000000000000e+05
1.731957031250000000e+05
1.732411562500000000e+05
1.732711562500000000e+05
1.733225156250000000e+05
1.733410781250000000e+05
1.734023437500000000e+05
1.734307656250000000e+05
1.734940312500000000e+05
1.735154687500000000e+05
1.735716875000000000e+05
1.735987187500000000e+05
1.736226562500000000e+05
1.736554218750000000e+05
1.736766093750000000e+05
1.737052343750000000e+05
1.737331562500000000e+05
1.737661718750000000e+05
1.738001718750000000e+05
1.738277343750000000e+05
1.738839062500000000e+05
1.739089687500000000e+05
1.739454218750000000e+05
1.739710156250000000e+05
1.739895937500000000e+05
1.740262812500000000e+05
1.740645468750000000e+05
1.741364218750000000e+05
1.720738281250000000e+05
1.720817031250000000e+05
1.720904843750000000e+05
1.720979375000000000e+05
1.721047500000000000e+05
1.721124375000000000e+05
1.721202968750000000e+05
1.721267031250000000e+05
1.721328750000000000e+05
1.721385625000000000e+05
1.721440625000000000e+05
1.721498750000000000e+05
1.721555625000000000e+05
1.721617500000000000e+05
1.721681250000000000e+05
1.721743906250000000e+05
1.721807187500000000e+05
1.721877031250000000e+05
1.721946093750000000e+05
1.722006406250000000e+05
1.722067031250000000e+05
1.722125937500000000e+05
1.722183125000000000e+05
1.722239062500000000e+05
1.722300468750000000e+05
1.722367500000000000e+05
1.722433750000000000e+05
1.722500937500000000e+05
1.722566250000000000e+05
1.722622187500000000e+05
1.722674843750000000e+05
1.722735156250000000e+05
1.722788906250000000e+05
1.722842812500000000e+05
1.722900625000000000e+05
1.722952187500000000e+05
1.723005937500000000e+05
1.723055312500000000e+05
1.723107031250000000e+05
1.723159687500000000e+05
1.723210625000000000e+05
1.723269843750000000e+05
1.723320781250000000e+05
1.723379375000000000e+05
1.723438906250000000e+05
1.723499843750000000e+05
1.723564218750000000e+05
1.723619531250000000e+05
1.723683437500000000e+05
1.723737500000000000e+05
1.723788281250000000e+05
1.723841093750000000e+05
1.723891875000000000e+05
1.723947812500000000e+05
1.724005937500000000e+05
1.724060781250000000e+05
1.724118750000000000e+05
1.724180625000000000e+05
1.724243906250000000e+05
1.724304375000000000e+05
1.724355781250000000e+05
1.724407031250000000e+05
1.724456250000000000e+05
1.724507968750000000e+05
1.724563906250000000e+05
1.724624218750000000e+05
1.724681875000000000e+05
1.724741718750000000e+05
1.724795312500000000e+05
1.724850312500000000e+05
1.724902187500000000e+05
1.724947343750000000e+05
1.724998593750000000e+05
1.725050000000000000e+05
1.725104531250000000e+05
1.725153593750000000e+05
1.725205781250000000e+05
1.725261093750000000e+05
1.725317031250000000e+05
1.725378125000000000e+05
1.725439218750000000e+05
1.725500312500000000e+05
1.725564062500000000e+05
1.725621562500000000e+05
1.725673437500000000e+05
1.725726562500000000e+05
1.725786250000000000e+05
1.725851718750000000e+05
1.725908437500000000e+05
1.725978437500000000e+05
1.726042500000000000e+05
1.726095625000000000e+05
1.726145937500000000e+05
1.726201718750000000e+05
1.726263437500000000e+05
1.726326250000000000e+05
1.726382500000000000e+05
1.726436406250000000e+05
1.726493593750000000e+05
1.726547812500000000e+05
1.726608906250000000e+05
1.726662500000000000e+05
1.726721093750000000e+05
1.726782812500000000e+05
1.726840468750000000e+05
1.726904843750000000e+05
1.726967968750000000e+05
1.727031718750000000e+05
1.727076875000000000e+05
1.727127187500000000e+05
1.727186718750000000e+05
1.727241406250000000e+05
1.727295468750000000e+05
1.727346250000000000e+05
1.727405781250000000e+05
1.727465000000000000e+05
1.727519843750000000e+05
1.727572656250000000e+05
1.727632500000000000e+05
1.727698281250000000e+05
1.727764062500000000e+05
1.727823437500000000e+05
1.727882500000000000e+05
1.727940625000000000e+05
1.727994218750000000e+05
1.728050156250000000e+05
1.728105625000000000e+05
1.728165468750000000e+05
1.728222187500000000e+05
1.728281250000000000e+05
1.728341093750000000e+05
1.728399375000000000e+05
1.728462031250000000e+05
1.728524531250000000e+05
1.728580468750000000e+05
1.728639687500000000e+05
1.728699687500000000e+05
1.728766875000000000e+05
1.728837656250000000e+05
1.728909687500000000e+05
1.728977812500000000e+05
1.729036250000000000e+05
1.729102812500000000e+05
1.729173437500000000e+05
1.729231093750000000e+05
1.729282656250000000e+05
1.729343906250000000e+05
1.729406562500000000e+05
1.729457031250000000e+05
1.729503281250000000e+05
1.729557031250000000e+05
1.729616250000000000e+05
1.729677812500000000e+05
1.729747500000000000e+05
1.729805156250000000e+05
1.729865468750000000e+05
1.729924843750000000e+05
1.729996093750000000e+05
1.730058437500000000e+05
1.730116875000000000e+05
1.730175000000000000e+05
1.730230000000000000e+05
1.730282656250000000e+05
1.730340000000000000e+05
1.730394218750000000e+05
1.730450468750000000e+05
1.730522656250000000e+05
1.730607031250000000e+05
1.730720000000000000e+05
1.730901562500000000e+05
1.731289687500000000e+05
1.731740781250000000e+05
1.731926093750000000e+05
1.732161093750000000e+05
1.732347812500000000e+05
1.732538437500000000e+05
1.732840937500000000e+05
1.733076718750000000e+05
1.733303906250000000e+05
1.733489218750000000e+05
1.733697031250000000e+05
1.733955000000000000e+05
1.734156718750000000e+05
1.734378906250000000e+05
1.734566093750000000e+05
1.734765625000000000e+05
1.734944062500000000e+05
1.735137656250000000e+05
1.735338437500000000e+05
1.735567500000000000e+05
1.735783437500000000e+05
1.736000156250000000e+05
1.736198437500000000e+05
1.736495000000000000e+05
1.736701875000000000e+05
1.736905781250000000e+05
1.737139062500000000e+05
1.737330625000000000e+05
1.737657187500000000e+05
1.737944531250000000e+05
1.738128281250000000e+05
1.738398593750000000e+05
1.738671250000000000e+05
1.738950937500000000e+05
1.739239687500000000e+05
1.739472031250000000e+05
1.739683906250000000e+05
1.739861250000000000e+05
1.740091093750000000e+05
1.740418593750000000e+05
1.740645312500000000e+05
1.740807656250000000e+05
1.720707968750000000e+05
1.721361718750000000e+05
1.721766562500000000e+05
1.722199062500000000e+05
1.722985781250000000e+05
1.723781093750000000e+05
1.724212812500000000e+05
1.724905312500000000e+05
1.725447343750000000e+05
1.726155468750000000e+05
1.726627187500000000e+05
1.726975625000000000e+05
1.728007187500000000e+05
1.728353125000000000e+05
1.729018593750000000e+05
1.729923750000000000e+05
1.732330156250000000e+05
1.733817812500000000e+05
1.734319218750000000e+05
1.735205781250000000e+05
1.739636875000000000e+05
1.740659375000000000e+05
1.720598593750000000e+05
1.720707812500000000e+05
1.720815468750000000e+05
1.721021875000000000e+05
1.721175468750000000e+05
1.721344375000000000e+05
1.721412812500000000e+05
1.721614218750000000e+05
1.721795781250000000e+05
1.721976093750000000e+05
1.722086093750000000e+05
1.722227812500000000e+05
1.722328593750000000e+05
1.722471718750000000e+05
1.722550156250000000e+05
1.722689218750000000e+05
1.722774687500000000e+05
1.722894062500000000e+05
1.722982343750000000e+05
1.723066250000000000e+05
1.723194687500000000e+05
1.723360781250000000e+05
1.723557968750000000e+05
1.723663750000000000e+05
1.723796718750000000e+05
1.723882187500000000e+05
1.724094375000000000e+05
1.724207343750000000e+05
1.724303281250000000e+05
1.724398750000000000e+05
1.724488437500000000e+05
1.724637343750000000e+05
1.724802656250000000e+05
1.724965156250000000e+05
1.725238593750000000e+05
1.725318281250000000e+05
1.725478125000000000e+05
1.725580937500000000e+05
1.725825937500000000e+05
1.726023906250000000e+05
1.726108593750000000e+05
1.726207500000000000e+05
1.726375781250000000e+05
1.726624687500000000e+05
1.726733906250000000e+05
1.726893593750000000e+05
1.727012187500000000e+05
1.727090625000000000e+05
1.727261718750000000e+05
1.727409218750000000e+05
1.727518281250000000e+05
1.727620468750000000e+05
1.727767656250000000e+05
1.727892812500000000e+05
1.728005312500000000e+05
1.728366718750000000e+05
1.728543437500000000e+05
1.728644843750000000e+05
1.728750000000000000e+05
1.728876718750000000e+05
1.728970937500000000e+05
1.729080937500000000e+05
1.729219375000000000e+05
1.729497031250000000e+05
1.729581875000000000e+05
1.729655781250000000e+05
1.729750625000000000e+05
1.729827031250000000e+05
1.729928906250000000e+05
1.730057343750000000e+05
1.730139062500000000e+05
1.730220156250000000e+05
1.730336718750000000e+05
1.730413593750000000e+05
1.730481875000000000e+05
1.730573437500000000e+05
1.731820000000000000e+05
1.732307343750000000e+05
1.732786875000000000e+05
1.733353750000000000e+05
1.734305468750000000e+05
1.734867187500000000e+05
1.735911562500000000e+05
1.736775781250000000e+05
1.738076718750000000e+05
1.738795156250000000e+05
1.739615312500000000e+05
1.740688437500000000e+05
1.720675156250000000e+05
1.720806562500000000e+05
1.721165312500000000e+05
1.721397031250000000e+05
1.721520312500000000e+05
1.721737187500000000e+05
1.721897343750000000e+05
1.722316875000000000e+05
1.722528593750000000e+05
1.722745468750000000e+05
1.722997968750000000e+05
1.723179531250000000e+05
1.723373281250000000e+05
1.723589531250000000e+05
1.723915468750000000e+05
1.724252656250000000e+05
1.724464531250000000e+05
1.724808437500000000e+05
1.725090156250000000e+05
1.725350781250000000e+05
1.725560312500000000e+05
1.725740312500000000e+05
1.726120156250000000e+05
1.726377812500000000e+05
1.726500000000000000e+05
1.726643281250000000e+05
1.726815781250000000e+05
1.727056875000000000e+05
1.727160312500000000e+05
1.727285000000000000e+05
1.727442187500000000e+05
1.727568593750000000e+05
1.727716250000000000e+05
1.727922343750000000e+05
1.728136718750000000e+05
1.728396718750000000e+05
1.728557187500000000e+05
1.728729687500000000e+05
1.728920156250000000e+05
1.729065781250000000e+05
1.729204687500000000e+05
1.729369375000000000e+05
1.729602968750000000e+05
1.729887812500000000e+05
1.730591562500000000e+05
1.731632031250000000e+05
1.733035468750000000e+05
1.733725625000000000e+05
1.734320781250000000e+05
1.734823125000000000e+05
1.735229375000000000e+05
1.735911406250000000e+05
1.736801093750000000e+05
1.737429687500000000e+05
1.738108437500000000e+05
1.738633125000000000e+05
1.739060781250000000e+05
1.739448281250000000e+05
1.740010468750000000e+05
1.740622656250000000e+05
1.741062343750000000e+05
1.720669062500000000e+05
1.721028437500000000e+05
1.721231406250000000e+05
1.721436406250000000e+05
1.721619687500000000e+05
1.721836093750000000e+05
1.722380781250000000e+05
1.722990000000000000e+05
1.723408125000000000e+05
1.723615000000000000e+05
1.723795000000000000e+05
1.724012656250000000e+05
1.724277343750000000e+05
1.724428437500000000e+05
1.724760156250000000e+05
1.725314843750000000e+05
1.725649687500000000e+05
1.725939218750000000e+05
1.726372500000000000e+05
1.726574843750000000e+05
1.726846875000000000e+05
1.727341093750000000e+05
1.727623281250000000e+05
1.727812968750000000e+05
1.728470468750000000e+05
1.729258281250000000e+05
1.729556562500000000e+05
1.729874687500000000e+05
1.730035000000000000e+05
1.730160312500000000e+05
1.730490625000000000e+05
1.734145000000000000e+05
1.740883281250000000e+05
1.720755312500000000e+05
1.721052656250000000e+05
1.721290312500000000e+05
1.721598437500000000e+05
1.721927187500000000e+05
1.722188906250000000e+05
1.722397968750000000e+05
1.722479375000000000e+05
1.722738437500000000e+05
1.723183906250000000e+05
1.723378593750000000e+05
1.723690312500000000e+05
1.723967968750000000e+05
1.724175937500000000e+05
1.724455781250000000e+05
1.724837343750000000e+05
1.725057812500000000e+05
1.725378750000000000e+05
1.725521250000000000e+05
1.725732968750000000e+05
1.725845000000000000e+05
1.725992500000000000e+05
1.726305000000000000e+05
1.726643593750000000e+05
1.726907187500000000e+05
1.727148125000000000e+05
1.727242500000000000e+05
1.727440937500000000e+05
1.727620156250000000e+05
1.727833593750000000e+05
1.728119843750000000e+05
1.728397500000000000e+05
1.728632343750000000e+05
1.728719218750000000e+05
1.728929687500000000e+05
1.729146562500000000e+05
1.729224218750000000e+05
1.729291093750000000e+05
1.729363750000000000e+05
1.729628750000000000e+05
1.729937343750000000e+05
1.730088437500000000e+05
1.730229062500000000e+05
1.730615156250000000e+05
1.731161718750000000e+05
1.731520156250000000e+05
1.731827968750000000e+05
1.732247500000000000e+05
1.732472343750000000e+05
1.732748281250000000e+05
1.733047187500000000e+05
1.733249843750000000e+05
1.734584687500000000e+05
1.735085468750000000e+05
1.735303593750000000e+05
1.735483750000000000e+05
1.735757343750000000e+05
1.735959062500000000e+05
1.736176562500000000e+05
1.736413593750000000e+05
1.736810781250000000e+05
1.737210781250000000e+05
1.737418750000000000e+05
1.738066250000000000e+05
1.738539218750000000e+05
1.739110312500000000e+05
1.739589843750000000e+05
1.740216250000000000e+05
1.740998125000000000e+05
1.720708281250000000e+05
1.721216875000000000e+05
1.721709218750000000e+05
1.722058281250000000e+05
1.722595156250000000e+05
1.723081562500000000e+05
1.723441875000000000e+05
1.724005781250000000e+05
1.724371718750000000e+05
1.725421250000000000e+05
1.726143125000000000e+05
1.727478593750000000e+05
1.727809531250000000e+05
1.728171718750000000e+05
1.728474375000000000e+05
1.729022031250000000e+05
1.729372656250000000e+05
1.729717343750000000e+05
1.730220468750000000e+05
1.730353593750000000e+05
1.731591718750000000e+05
1.733214375000000000e+05
1.735418593750000000e+05
1.736636093750000000e+05
1.740645156250000000e+05
1.720680781250000000e+05
1.720922343750000000e+05
1.721334843750000000e+05
1.722009375000000000e+05
1.722578125000000000e+05
1.722819375000000000e+05
1.723461250000000000e+05
1.724321406250000000e+05
1.724690000000000000e+05
1.725288906250000000e+05
1.725438593750000000e+05
1.725632500000000000e+05
1.725975000000000000e+05
1.726339375000000000e+05
1.726775312500000000e+05
1.727137812500000000e+05
1.727606406250000000e+05
1.728614375000000000e+05
1.728945625000000000e+05
1.729453437500000000e+05
1.729762656250000000e+05
1.730040781250000000e+05
1.731715625000000000e+05
1.731926250000000000e+05
1.732396875000000000e+05
1.734783125000000000e+05
1.736208281250000000e+05
1.737319218750000000e+05
1.738017656250000000e+05
1.738986406250000000e+05
1.739895468750000000e+05
1.740797968750000000e+05
1.720634843750000000e+05
1.720801093750000000e+05
1.720966250000000000e+05
1.721048281250000000e+05
1.721280156250000000e+05
1.721517656250000000e+05
1.721752968750000000e+05
1.721915468750000000e+05
1.722040625000000000e+05
1.722144531250000000e+05
1.722295312500000000e+05
1.722435312500000000e+05
1.722528906250000000e+05
1.722641875000000000e+05
1.722722031250000000e+05
1.722864062500000000e+05
1.722990625000000000e+05
1.723082968750000000e+05
1.723177500000000000e+05
1.723359843750000000e+05
1.723507812500000000e+05
1.723628593750000000e+05
1.723752968750000000e+05
1.723880468750000000e+05
1.723972656250000000e+05
1.724078906250000000e+05
1.724187812500000000e+05
1.724333750000000000e+05
1.724453750000000000e+05
1.724562656250000000e+05
1.724647187500000000e+05
1.724753593750000000e+05
1.724882031250000000e+05
1.725031250000000000e+05
1.725230000000000000e+05
1.725370000000000000e+05
1.725534687500000000e+05
1.725848906250000000e+05
1.726026875000000000e+05
1.726224687500000000e+05
1.726318906250000000e+05
1.726683437500000000e+05
1.726821562500000000e+05
1.726936718750000000e+05
1.727072656250000000e+05
1.727185000000000000e+05
1.727331406250000000e+05
1.727544375000000000e+05
1.727709375000000000e+05
1.727863437500000000e+05
1.727990625000000000e+05
1.728359062500000000e+05
1.728471718750000000e+05
1.728580625000000000e+05
1.728688281250000000e+05
1.728833593750000000e+05
1.728953593750000000e+05
1.729064687500000000e+05
1.729174531250000000e+05
1.729280937500000000e+05
1.729386562500000000e+05
1.729478750000000000e+05
1.729595468750000000e+05
1.729686406250000000e+05
1.729778281250000000e+05
1.729862031250000000e+05
1.729986875000000000e+05
1.730108593750000000e+05
1.730223281250000000e+05
1.730408906250000000e+05
1.730551562500000000e+05
1.731114687500000000e+05
1.732673437500000000e+05
1.732903125000000000e+05
1.733063125000000000e+05
1.733463906250000000e+05
1.735837812500000000e+05
1.736071562500000000e+05
1.736219531250000000e+05
1.737175625000000000e+05
1.738054687500000000e+05
1.739032343750000000e+05
1.739842343750000000e+05
1.740227343750000000e+05
1.740599687500000000e+05
1.720680625000000000e+05
1.720776406250000000e+05
1.721847968750000000e+05
1.723951093750000000e+05
1.724804531250000000e+05
1.727806406250000000e+05
1.729911562500000000e+05
1.735452187500000000e+05
1.736644062500000000e+05
1.720661875000000000e+05
1.720740000000000000e+05
1.722116093750000000e+05
1.723525468750000000e+05
1.724402500000000000e+05
1.726603906250000000e+05
1.720736718750000000e+05
1.721383750000000000e+05
1.721703437500000000e+05
1.722760468750000000e+05
1.723276718750000000e+05
1.723625625000000000e+05
1.724342187500000000e+05
1.724812031250000000e+05
1.726515312500000000e+05
1.728455781250000000e+05
1.729626250000000000e+05
1.730200937500000000e+05
1.730509531250000000e+05
1.732040781250000000e+05
1.734503281250000000e+05
1.720631406250000000e+05
1.720805781250000000e+05
1.721555312500000000e+05
1.722001406250000000e+05
1.722699218750000000e+05
1.723380312500000000e+05
1.723685781250000000e+05
1.724428437500000000e+05
1.725735781250000000e+05
1.726086562500000000e+05
1.726833437500000000e+05
1.727640937500000000e+05
1.728086406250000000e+05
1.728709531250000000e+05
1.729652031250000000e+05
1.720737812500000000e+05
1.721084687500000000e+05
1.721510156250000000e+05
1.721839375000000000e+05
1.722241875000000000e+05
1.722635312500000000e+05
1.723079843750000000e+05
1.723433593750000000e+05
1.723595000000000000e+05
1.724070625000000000e+05
1.724535312500000000e+05
1.725130625000000000e+05
1.725659843750000000e+05
1.726032812500000000e+05
1.726670156250000000e+05
1.727022031250000000e+05
1.727372656250000000e+05
1.727566718750000000e+05
1.727806875000000000e+05
1.728189843750000000e+05
1.728300000000000000e+05
1.728396562500000000e+05
1.728933593750000000e+05
1.730230000000000000e+05
1.730492812500000000e+05
1.732385625000000000e+05
1.734011562500000000e+05
1.734341406250000000e+05
1.734575312500000000e+05
1.735453750000000000e+05
1.736311093750000000e+05
1.736860781250000000e+05
1.737127187500000000e+05
1.737886093750000000e+05
1.738790156250000000e+05
1.739666250000000000e+05
1.740862187500000000e+05
1.720788750000000000e+05
1.721027500000000000e+05
1.721362812500000000e+05
1.721607968750000000e+05
1.721747968750000000e+05
1.722105468750000000e+05
1.722440156250000000e+05
1.722792187500000000e+05
1.723175625000000000e+05
1.723381406250000000e+05
1.723642343750000000e+05
1.724065625000000000e+05
1.724374218750000000e+05
1.725812968750000000e+05
1.726081875000000000e+05
1.726372812500000000e+05
1.727259375000000000e+05
1.727482968750000000e+05
1.727571250000000000e+05
1.728208906250000000e+05
1.728707656250000000e+05
1.728992031250000000e+05
1.729160000000000000e+05
1.729269375000000000e+05
1.729472656250000000e+05
1.729829843750000000e+05
1.730104218750000000e+05
1.730292812500000000e+05
1.730460625000000000e+05
1.731278281250000000e+05
1.732466718750000000e+05
1.733238281250000000e+05
1.734763125000000000e+05
1.735886406250000000e+05
1.736856406250000000e+05
1.739868281250000000e+05
1.720657500000000000e+05
1.720732656250000000e+05
1.721017187500000000e+05
1.721197656250000000e+05
1.721348437500000000e+05
1.721741406250000000e+05
1.722169062500000000e+05
1.722317656250000000e+05
1.722720312500000000e+05
1.723610625000000000e+05
1.724203281250000000e+05
1.724678125000000000e+05
1.724917187500000000e+05
1.725206718750000000e+05
1.725580625000000000e+05
1.725861562500000000e+05
1.726556406250000000e+05
1.726721718750000000e+05
1.726981875000000000e+05
1.727321875000000000e+05
1.727560625000000000e+05
1.728175781250000000e+05
1.728271406250000000e+05
1.728395312500000000e+05
1.728564375000000000e+05
1.729501562500000000e+05
1.730145625000000000e+05
1.730505468750000000e+05
1.731626250000000000e+05
1.734078281250000000e+05
1.736514062500000000e+05
1.740655156250000000e+05
1.720721875000000000e+05
1.720900000000000000e+05
1.721165781250000000e+05
1.721341093750000000e+05
1.721590000000000000e+05
1.721816406250000000e+05
1.721957656250000000e+05
1.722057187500000000e+05
1.722193906250000000e+05
1.722365312500000000e+05
1.722578125000000000e+05
1.722681093750000000e+05
1.722811875000000000e+05
1.722930156250000000e+05
1.723245156250000000e+05
1.723463906250000000e+05
1.723688281250000000e+05
1.723915781250000000e+05
1.724148593750000000e+05
1.724370000000000000e+05
1.724541875000000000e+05
1.724730937500000000e+05
1.724964218750000000e+05
1.725164531250000000e+05
1.725285312500000000e+05
1.725394062500000000e+05
1.725568906250000000e+05
1.725774218750000000e+05
1.726018593750000000e+05
1.726231562500000000e+05
1.726332187500000000e+05
1.726518125000000000e+05
1.726729218750000000e+05
1.726880937500000000e+05
1.727125468750000000e+05
1.727432187500000000e+05
1.727648125000000000e+05
1.727750625000000000e+05
1.727868437500000000e+05
1.727999062500000000e+05
1.728430000000000000e+05
1.728652968750000000e+05
1.728815468750000000e+05
1.728984843750000000e+05
1.729170156250000000e+05
1.729387031250000000e+05
1.729544843750000000e+05
1.729669531250000000e+05
1.729792968750000000e+05
1.729931406250000000e+05
1.730070312500000000e+05
1.730263593750000000e+05
1.730437031250000000e+05
1.731395937500000000e+05
1.731691093750000000e+05
1.732951250000000000e+05
1.735800468750000000e+05
1.736603906250000000e+05
1.737295312500000000e+05
1.738402343750000000e+05
1.738849687500000000e+05
1.739196093750000000e+05
1.740373750000000000e+05
1.720661718750000000e+05
1.721108750000000000e+05
1.721420781250000000e+05
1.721670781250000000e+05
1.721965625000000000e+05
1.722252656250000000e+05
1.722830781250000000e+05
1.723522812500000000e+05
1.723906093750000000e+05
1.724177187500000000e+05
1.724594687500000000e+05
1.724790312500000000e+05
1.724985625000000000e+05
1.725235312500000000e+05
1.725630312500000000e+05
1.725988437500000000e+05
1.726402812500000000e+05
1.727150156250000000e+05
1.727415312500000000e+05
1.728107968750000000e+05
1.728348125000000000e+05
1.728826250000000000e+05
1.729099687500000000e+05
1.729545468750000000e+05
1.729904062500000000e+05
1.730157500000000000e+05
1.730409218750000000e+05
1.731543593750000000e+05
1.732073750000000000e+05
1.733342812500000000e+05
1.734127812500000000e+05
1.734424375000000000e+05
1.735962187500000000e+05
1.736662656250000000e+05
1.736902031250000000e+05
1.737816718750000000e+05
1.739028750000000000e+05
1.739488593750000000e+05
1.740605625000000000e+05
1.720767031250000000e+05
1.720955000000000000e+05
1.721214062500000000e+05
1.721541875000000000e+05
1.721752343750000000e+05
1.722020781250000000e+05
1.722400781250000000e+05
1.722765625000000000e+05
1.722941718750000000e+05
1.723372968750000000e+05
1.723510468750000000e+05
1.723766093750000000e+05
1.723997812500000000e+05
1.724261406250000000e+05
1.724375000000000000e+05
1.724563437500000000e+05
1.724805156250000000e+05
1.724942500000000000e+05
1.725078750000000000e+05
1.725226093750000000e+05
1.725395312500000000e+05
1.725481406250000000e+05
1.725555625000000000e+05
1.725742031250000000e+05
1.725947031250000000e+05
1.726125468750000000e+05
1.726376562500000000e+05
1.726601562500000000e+05
1.726901406250000000e+05
1.727022343750000000e+05
1.727189375000000000e+05
1.727471875000000000e+05
1.727714375000000000e+05
1.728126875000000000e+05
1.728318281250000000e+05
1.728715937500000000e+05
1.728824218750000000e+05
1.729146718750000000e+05
1.729327343750000000e+05
1.729480937500000000e+05
1.729680781250000000e+05
1.729863906250000000e+05
1.730018281250000000e+05
1.730314843750000000e+05
1.730457968750000000e+05
1.730691406250000000e+05
1.731932187500000000e+05
1.732253281250000000e+05
1.732969843750000000e+05
1.734056250000000000e+05
1.734392500000000000e+05
1.735026406250000000e+05
1.735963750000000000e+05
1.736578125000000000e+05
1.737467343750000000e+05
1.737965000000000000e+05
1.739459062500000000e+05
1.739943906250000000e+05
1.740695468750000000e+05
1.741031406250000000e+05
1.720689375000000000e+05
1.720772187500000000e+05
1.721152656250000000e+05
1.721361250000000000e+05
1.721589843750000000e+05
1.721833281250000000e+05
1.721962187500000000e+05
1.722032812500000000e+05
1.722269062500000000e+05
1.722460156250000000e+05
1.722750468750000000e+05
1.722986875000000000e+05
1.723296250000000000e+05
1.723421406250000000e+05
1.723897343750000000e+05
1.724057812500000000e+05
1.724595156250000000e+05
1.724888750000000000e+05
1.725396718750000000e+05
1.725597812500000000e+05
1.726338750000000000e+05
1.726701718750000000e+05
1.726929687500000000e+05
1.727900000000000000e+05
1.728016875000000000e+05
1.728284218750000000e+05
1.728489062500000000e+05
1.728787968750000000e+05
1.729410781250000000e+05
1.729760468750000000e+05
1.729944062500000000e+05
1.730261093750000000e+05
1.730457031250000000e+05
1.731500156250000000e+05
1.731819531250000000e+05
1.732322031250000000e+05
1.734992812500000000e+05
1.735204687500000000e+05
1.736560156250000000e+05
1.737309687500000000e+05
1.738972343750000000e+05
1.739213281250000000e+05
1.740558281250000000e+05
1.720694218750000000e+05
1.720800625000000000e+05
1.720982500000000000e+05
1.721066406250000000e+05
1.721145468750000000e+05
1.721242968750000000e+05
1.721323906250000000e+05
1.721396718750000000e+05
1.721502500000000000e+05
1.721601250000000000e+05
1.721684687500000000e+05
1.721757500000000000e+05
1.721845156250000000e+05
1.721960625000000000e+05
1.722040468750000000e+05
1.722128437500000000e+05
1.722212656250000000e+05
1.722438281250000000e+05
1.722530937500000000e+05
1.722593281250000000e+05
1.722664687500000000e+05
1.722730312500000000e+05
1.722803750000000000e+05
1.722873906250000000e+05
1.722954843750000000e+05
1.723037187500000000e+05
1.723168750000000000e+05
1.723247500000000000e+05
1.723327500000000000e+05
1.723400625000000000e+05
1.723470781250000000e+05
1.723543750000000000e+05
1.723617031250000000e+05
1.723684843750000000e+05
1.723747031250000000e+05
1.723814687500000000e+05
1.723954062500000000e+05
1.724034843750000000e+05
1.724103125000000000e+05
1.724172031250000000e+05
1.724243906250000000e+05
1.724387343750000000e+05
1.724480937500000000e+05
1.724557656250000000e+05
1.724632500000000000e+05
1.724714531250000000e+05
1.724786562500000000e+05
1.724852656250000000e+05
1.724920312500000000e+05
1.725084062500000000e+05
1.725176250000000000e+05
1.725276250000000000e+05
1.725380468750000000e+05
1.725486875000000000e+05
1.725666406250000000e+05
1.725755312500000000e+05
1.725825781250000000e+05
1.725897812500000000e+05
1.725968125000000000e+05
1.726044687500000000e+05
1.726120937500000000e+05
1.726191562500000000e+05
1.726356875000000000e+05
1.726440625000000000e+05
1.726528437500000000e+05
1.726613437500000000e+05
1.726692968750000000e+05
1.726835000000000000e+05
1.726933750000000000e+05
1.727045312500000000e+05
1.727180000000000000e+05
1.727257968750000000e+05
1.727319062500000000e+05
1.727378593750000000e+05
1.727442812500000000e+05
1.727508437500000000e+05
1.727569218750000000e+05
1.727634843750000000e+05
1.727707187500000000e+05
1.727780000000000000e+05
1.727851406250000000e+05
1.727935781250000000e+05
1.728019218750000000e+05
1.728182343750000000e+05
1.728277187500000000e+05
1.728355781250000000e+05
1.728566406250000000e+05
1.728648906250000000e+05
1.728722031250000000e+05
1.728790000000000000e+05
1.728862968750000000e+05
1.728940468750000000e+05
1.729024218750000000e+05
1.729269218750000000e+05
1.729345156250000000e+05
1.729417968750000000e+05
1.729488750000000000e+05
1.729553593750000000e+05
1.729614375000000000e+05
1.729675781250000000e+05
1.729751875000000000e+05
1.729832187500000000e+05
1.729934687500000000e+05
1.730134531250000000e+05
1.730244375000000000e+05
1.730324218750000000e+05
1.730390468750000000e+05
1.730465000000000000e+05
1.730561875000000000e+05
1.730708281250000000e+05
1.730930156250000000e+05
1.731392656250000000e+05
1.731794062500000000e+05
1.732046406250000000e+05
1.732292187500000000e+05
1.732870468750000000e+05
1.733161250000000000e+05
1.733389375000000000e+05
1.733752656250000000e+05
1.734064375000000000e+05
1.734392812500000000e+05
1.734866562500000000e+05
1.735142812500000000e+05
1.735492656250000000e+05
1.735867968750000000e+05
1.736175781250000000e+05
1.736472500000000000e+05
1.736717031250000000e+05
1.737033125000000000e+05
1.737324062500000000e+05
1.737727812500000000e+05
1.738037968750000000e+05
1.738435468750000000e+05
1.738758281250000000e+05
1.739185468750000000e+05
1.739510156250000000e+05
1.739796562500000000e+05
1.740381406250000000e+05
1.740618593750000000e+05
1.741219843750000000e+05
1.720683281250000000e+05
1.720749218750000000e+05
1.720801562500000000e+05
1.720991406250000000e+05
1.721206093750000000e+05
1.721286718750000000e+05
1.721357500000000000e+05
1.721415468750000000e+05
1.721574062500000000e+05
1.721655156250000000e+05
1.721736093750000000e+05
1.721886093750000000e+05
1.721963906250000000e+05
1.722028750000000000e+05
1.722086562500000000e+05
1.722306562500000000e+05
1.722382187500000000e+05
1.722446406250000000e+05
1.722504843750000000e+05
1.722579843750000000e+05
1.722715156250000000e+05
1.722785312500000000e+05
1.722848125000000000e+05
1.722908281250000000e+05
1.722975312500000000e+05
1.723051562500000000e+05
1.723118437500000000e+05
1.723185156250000000e+05
1.723251562500000000e+05
1.723317500000000000e+05
1.723516718750000000e+05
1.723581875000000000e+05
1.723644843750000000e+05
1.723708750000000000e+05
1.723771406250000000e+05
1.723833593750000000e+05
1.723910937500000000e+05
1.724057968750000000e+05
1.724133281250000000e+05
1.724297968750000000e+05
1.724378750000000000e+05
1.724443750000000000e+05
1.724514843750000000e+05
1.724578750000000000e+05
1.724745625000000000e+05
1.724815781250000000e+05
1.724879062500000000e+05
1.724948281250000000e+05
1.725098437500000000e+05
1.725172187500000000e+05
1.725232187500000000e+05
1.725297968750000000e+05
1.725369531250000000e+05
1.725499843750000000e+05
1.725568906250000000e+05
1.725632968750000000e+05
1.725845312500000000e+05
1.725960156250000000e+05
1.726043437500000000e+05
1.726108593750000000e+05
1.726171250000000000e+05
1.726233750000000000e+05
1.726325312500000000e+05
1.726448906250000000e+05
1.726625312500000000e+05
1.726708281250000000e+05
1.726912812500000000e+05
1.726993281250000000e+05
1.727055000000000000e+05
1.727260156250000000e+05
1.727367812500000000e+05
1.727460625000000000e+05
1.727537812500000000e+05
1.727600625000000000e+05
1.727671406250000000e+05
1.727730781250000000e+05
1.727798906250000000e+05
1.727856875000000000e+05
1.727925000000000000e+05
1.728280781250000000e+05
1.728354375000000000e+05
1.728524062500000000e+05
1.728592343750000000e+05
1.728656875000000000e+05
1.728714218750000000e+05
1.728770000000000000e+05
1.728826250000000000e+05
1.728889843750000000e+05
1.728960000000000000e+05
1.729027343750000000e+05
1.729086093750000000e+05
1.729154531250000000e+05
1.729426250000000000e+05
1.729520468750000000e+05
1.729593281250000000e+05
1.729660781250000000e+05
1.729725625000000000e+05
1.729800156250000000e+05
1.729867656250000000e+05
1.730042812500000000e+05
1.730120156250000000e+05
1.730191093750000000e+05
1.730380937500000000e+05
1.730464843750000000e+05
1.730554375000000000e+05
1.731262968750000000e+05
1.731595156250000000e+05
1.731784218750000000e+05
1.731975781250000000e+05
1.732208437500000000e+05
1.732398125000000000e+05
1.732680625000000000e+05
1.732972031250000000e+05
1.733200312500000000e+05
1.733406562500000000e+05
1.733904218750000000e+05
1.734124687500000000e+05
1.734310468750000000e+05
1.734509062500000000e+05
1.734728281250000000e+05
1.734925312500000000e+05
1.735161250000000000e+05
1.735582500000000000e+05
1.735820781250000000e+05
1.736029062500000000e+05
1.736435781250000000e+05
1.736741250000000000e+05
1.736942656250000000e+05
1.737189843750000000e+05
1.737436250000000000e+05
1.737735937500000000e+05
1.738048281250000000e+05
1.738306093750000000e+05
1.738547968750000000e+05
1.738796406250000000e+05
1.739020156250000000e+05
1.739296562500000000e+05
1.739493281250000000e+05
1.739722500000000000e+05
1.740297500000000000e+05
1.740587656250000000e+05
1.740775625000000000e+05
1.741069531250000000e+05
1.720651406250000000e+05
1.720875156250000000e+05
1.721302656250000000e+05
1.721715937500000000e+05
1.722001562500000000e+05
1.722286250000000000e+05
1.722473281250000000e+05
1.722864843750000000e+05
1.723086093750000000e+05
1.723407343750000000e+05
1.724502500000000000e+05
1.725496718750000000e+05
1.725681875000000000e+05
1.725860781250000000e+05
1.726088125000000000e+05
1.726482031250000000e+05
1.726633437500000000e+05
1.727229531250000000e+05
1.727714375000000000e+05
1.727925468750000000e+05
1.728301562500000000e+05
1.728452812500000000e+05
1.729012187500000000e+05
1.729235468750000000e+05
1.729598437500000000e+05
1.730057031250000000e+05
1.730540000000000000e+05
1.734987187500000000e+05
1.738372656250000000e+05
1.740796093750000000e+05
1.720707812500000000e+05
1.720775625000000000e+05
1.720849375000000000e+05
1.720990937500000000e+05
1.721068593750000000e+05
1.721259687500000000e+05
1.721346875000000000e+05
1.721413437500000000e+05
1.721652187500000000e+05
1.721823906250000000e+05
1.721938593750000000e+05
1.722016093750000000e+05
1.722087187500000000e+05
1.722176250000000000e+05
1.722309218750000000e+05
1.722387500000000000e+05
1.722454531250000000e+05
1.722620312500000000e+05
1.722705781250000000e+05
1.722785312500000000e+05
1.722939218750000000e+05
1.723020312500000000e+05
1.723087968750000000e+05
1.723150781250000000e+05
1.723211562500000000e+05
1.723360312500000000e+05
1.723461562500000000e+05
1.723577031250000000e+05
1.723645156250000000e+05
1.723800937500000000e+05
1.723880000000000000e+05
1.723952031250000000e+05
1.724026250000000000e+05
1.724101718750000000e+05
1.724272968750000000e+05
1.724352031250000000e+05
1.724426562500000000e+05
1.724575000000000000e+05
1.724648281250000000e+05
1.724726250000000000e+05
1.724797968750000000e+05
1.724863437500000000e+05
1.724932343750000000e+05
1.724995156250000000e+05
1.725056250000000000e+05
1.725120781250000000e+05
1.725184375000000000e+05
1.725239531250000000e+05
1.725298593750000000e+05
1.725361562500000000e+05
1.725432031250000000e+05
1.725502031250000000e+05
1.725566718750000000e+05
1.725626562500000000e+05
1.725691093750000000e+05
1.725756562500000000e+05
1.725825156250000000e+05
1.726062500000000000e+05
1.726143906250000000e+05
1.726295468750000000e+05
1.726374687500000000e+05
1.726619062500000000e+05
1.726683750000000000e+05
1.726753906250000000e+05
1.726815156250000000e+05
1.726885781250000000e+05
1.726953281250000000e+05
1.727014687500000000e+05
1.727073125000000000e+05
1.727136406250000000e+05
1.727201718750000000e+05
1.727272031250000000e+05
1.727448437500000000e+05
1.727518906250000000e+05
1.727793125000000000e+05
1.727871562500000000e+05
1.727954062500000000e+05
1.728033593750000000e+05
1.728101562500000000e+05
1.728164218750000000e+05
1.728227968750000000e+05
1.728415156250000000e+05
1.728491718750000000e+05
1.728552656250000000e+05
1.728607031250000000e+05
1.728665312500000000e+05
1.728726250000000000e+05
1.728905468750000000e+05
1.728995781250000000e+05
1.729202187500000000e+05
1.729408437500000000e+05
1.729506250000000000e+05
1.729668281250000000e+05
1.729736250000000000e+05
1.729790000000000000e+05
1.729846875000000000e+05
1.730035312500000000e+05
1.730107343750000000e+05
1.730298125000000000e+05
1.730479062500000000e+05
1.730926406250000000e+05
1.731310000000000000e+05
1.731745937500000000e+05
1.731975625000000000e+05
1.732235000000000000e+05
1.732442187500000000e+05
1.733024531250000000e+05
1.733262343750000000e+05
1.733840156250000000e+05
1.734048750000000000e+05
1.734257656250000000e+05
1.734522968750000000e+05
1.734751718750000000e+05
1.735217812500000000e+05
1.735420156250000000e+05
1.735656718750000000e+05
1.735997343750000000e+05
1.736555000000000000e+05
1.736730625000000000e+05
1.737074062500000000e+05
1.737382343750000000e+05
1.737781562500000000e+05
1.738077187500000000e+05
1.738387031250000000e+05
1.738558906250000000e+05
1.738815312500000000e+05
1.739052187500000000e+05
1.739453281250000000e+05
1.739697656250000000e+05
1.739933906250000000e+05
1.740613750000000000e+05
1.740781250000000000e+05
1.741105156250000000e+05
1.720894375000000000e+05
1.722112031250000000e+05
1.727298593750000000e+05
1.730054218750000000e+05
1.731638593750000000e+05
1.720694375000000000e+05
1.721059062500000000e+05
1.721357031250000000e+05
1.721599843750000000e+05
1.721862343750000000e+05
1.722092812500000000e+05
1.722427187500000000e+05
1.722767500000000000e+05
1.722941718750000000e+05
1.723078281250000000e+05
1.723191875000000000e+05
1.723349843750000000e+05
1.723620781250000000e+05
1.723909062500000000e+05
1.724158593750000000e+05
1.724413281250000000e+05
1.724645156250000000e+05
1.724927343750000000e+05
1.725215312500000000e+05
1.726196406250000000e+05
1.726318281250000000e+05
1.726418437500000000e+05
1.726740000000000000e+05
1.727078125000000000e+05
1.727284062500000000e+05
1.727554375000000000e+05
1.727917031250000000e+05
1.728099375000000000e+05
1.728596250000000000e+05
1.728841718750000000e+05
1.728990781250000000e+05
1.729118593750000000e+05
1.729286406250000000e+05
1.729570781250000000e+05
1.729827656250000000e+05
1.730437656250000000e+05
1.731265468750000000e+05
1.731610312500000000e+05
1.732073906250000000e+05
1.732294062500000000e+05
1.733154062500000000e+05
1.733780781250000000e+05
1.734966562500000000e+05
1.735757031250000000e+05
1.735995468750000000e+05
1.737153593750000000e+05
1.737828593750000000e+05
1.738459062500000000e+05
1.738725312500000000e+05
1.739323593750000000e+05
1.739688125000000000e+05
1.740567187500000000e+05
1.720678125000000000e+05
1.721390156250000000e+05
1.728220312500000000e+05
1.732182343750000000e+05
1.720738906250000000e+05
1.720849687500000000e+05
1.720961562500000000e+05
1.721124218750000000e+05
1.721371562500000000e+05
1.721467812500000000e+05
1.721622812500000000e+05
1.721805468750000000e+05
1.721932968750000000e+05
1.722225000000000000e+05
1.722346250000000000e+05
1.722475312500000000e+05
1.722612187500000000e+05
1.722780937500000000e+05
1.723028906250000000e+05
1.723195000000000000e+05
1.723316718750000000e+05
1.723518281250000000e+05
1.723641718750000000e+05
1.723822812500000000e+05
1.724099687500000000e+05
1.724316406250000000e+05
1.724599531250000000e+05
1.724744843750000000e+05
1.724917031250000000e+05
1.725127187500000000e+05
1.725385000000000000e+05
1.725696875000000000e+05
1.725839375000000000e+05
1.725990312500000000e+05
1.726085937500000000e+05
1.726231093750000000e+05
1.726336406250000000e+05
1.726558437500000000e+05
1.726694531250000000e+05
1.726770468750000000e+05
1.726838281250000000e+05
1.726970000000000000e+05
1.727114531250000000e+05
1.727429843750000000e+05
1.727621406250000000e+05
1.727877187500000000e+05
1.728001406250000000e+05
1.728167500000000000e+05
1.728326718750000000e+05
1.728472187500000000e+05
1.728590000000000000e+05
1.728675781250000000e+05
1.728880468750000000e+05
1.729091250000000000e+05
1.729260937500000000e+05
1.729396875000000000e+05
1.729574375000000000e+05
1.729803281250000000e+05
1.729970781250000000e+05
1.730220781250000000e+05
1.730496406250000000e+05
1.731270468750000000e+05
1.731715000000000000e+05
1.734617500000000000e+05
1.735469375000000000e+05
1.735779687500000000e+05
1.738947500000000000e+05
1.739168750000000000e+05
1.720720312500000000e+05
1.720785781250000000e+05
1.720847968750000000e+05
1.720914062500000000e+05
1.720983125000000000e+05
1.721067187500000000e+05
1.721154687500000000e+05
1.721243437500000000e+05
1.721322187500000000e+05
1.721396250000000000e+05
1.721468281250000000e+05
1.721540000000000000e+05
1.721625468750000000e+05
1.721699687500000000e+05
1.721768906250000000e+05
1.721840156250000000e+05
1.721931250000000000e+05
1.722015000000000000e+05
1.722090312500000000e+05
1.722167031250000000e+05
1.722249531250000000e+05
1.722330468750000000e+05
1.722401250000000000e+05
1.722467343750000000e+05
1.722531093750000000e+05
1.722597500000000000e+05
1.722660468750000000e+05
1.722730625000000000e+05
1.722785625000000000e+05
1.722841718750000000e+05
1.722900156250000000e+05
1.722966406250000000e+05
1.723037656250000000e+05
1.723105468750000000e+05
1.723181093750000000e+05
1.723258125000000000e+05
1.723333281250000000e+05
1.723411406250000000e+05
1.723499843750000000e+05
1.723573125000000000e+05
1.723644062500000000e+05
1.723712812500000000e+05
1.723778281250000000e+05
1.723840156250000000e+05
1.723895625000000000e+05
1.723954843750000000e+05
1.724017031250000000e+05
1.724083125000000000e+05
1.724151406250000000e+05
1.724210000000000000e+05
1.724275937500000000e+05
1.724336406250000000e+05
1.724398281250000000e+05
1.724464375000000000e+05
1.724535312500000000e+05
1.724605468750000000e+05
1.724678281250000000e+05
1.724770937500000000e+05
1.724848750000000000e+05
1.724922500000000000e+05
1.724999375000000000e+05
1.725076250000000000e+05
1.725156406250000000e+05
1.725227968750000000e+05
1.725291093750000000e+05
1.725362031250000000e+05
1.725428750000000000e+05
1.725498281250000000e+05
1.725571718750000000e+05
1.725637968750000000e+05
1.725707500000000000e+05
1.725792187500000000e+05
1.725881406250000000e+05
1.725965781250000000e+05
1.726035156250000000e+05
1.726099375000000000e+05
1.726161718750000000e+05
1.726223125000000000e+05
1.726285781250000000e+05
1.726353906250000000e+05
1.726417343750000000e+05
1.726490000000000000e+05
1.726549687500000000e+05
1.726617968750000000e+05
1.726686093750000000e+05
1.726756562500000000e+05
1.726829218750000000e+05
1.726901875000000000e+05
1.726970625000000000e+05
1.727040625000000000e+05
1.727114218750000000e+05
1.727203593750000000e+05
1.727295937500000000e+05
1.727378906250000000e+05
1.727464375000000000e+05
1.727544375000000000e+05
1.727614218750000000e+05
1.727686406250000000e+05
1.727753593750000000e+05
1.727827812500000000e+05
1.727904843750000000e+05
1.727973281250000000e+05
1.728056406250000000e+05
1.728136562500000000e+05
1.728219218750000000e+05
1.728295312500000000e+05
1.728369218750000000e+05
1.728440468750000000e+05
1.728524218750000000e+05
1.728589062500000000e+05
1.728652812500000000e+05
1.728707968750000000e+05
1.728767968750000000e+05
1.728834687500000000e+05
1.728904531250000000e+05
1.728980156250000000e+05
1.729050156250000000e+05
1.729119843750000000e+05
1.729188750000000000e+05
1.729265937500000000e+05
1.729336718750000000e+05
1.729408281250000000e+05
1.729478437500000000e+05
1.729545312500000000e+05
1.729614843750000000e+05
1.729676250000000000e+05
1.729743281250000000e+05
1.729804062500000000e+05
1.729861406250000000e+05
1.729924062500000000e+05
1.729985000000000000e+05
1.730048593750000000e+05
1.730114687500000000e+05
1.730183437500000000e+05
1.730261562500000000e+05
1.730359218750000000e+05
1.730439531250000000e+05
1.730536406250000000e+05
1.730651562500000000e+05
1.730854843750000000e+05
1.731457656250000000e+05
1.731762500000000000e+05
1.731997968750000000e+05
1.732246093750000000e+05
1.732515468750000000e+05
1.732831093750000000e+05
1.733135312500000000e+05
1.733403906250000000e+05
1.733681250000000000e+05
1.734041875000000000e+05
1.734342031250000000e+05
1.734551093750000000e+05
1.734785312500000000e+05
1.735072031250000000e+05
1.735351875000000000e+05
1.735650000000000000e+05
1.735965468750000000e+05
1.736228437500000000e+05
1.736622656250000000e+05
1.736844687500000000e+05
1.737136406250000000e+05
1.737392031250000000e+05
1.737761406250000000e+05
1.738099531250000000e+05
1.738401562500000000e+05
1.738647500000000000e+05
1.738919687500000000e+05
1.739229375000000000e+05
1.739474375000000000e+05
1.739744218750000000e+05
1.740037968750000000e+05
1.740541875000000000e+05
1.740780000000000000e+05
1.741281093750000000e+05
1.720730000000000000e+05
1.721052500000000000e+05
1.721572343750000000e+05
1.722399531250000000e+05
1.722514218750000000e+05
1.722769218750000000e+05
1.723510937500000000e+05
1.723894062500000000e+05
1.724785937500000000e+05
1.726057812500000000e+05
1.726738906250000000e+05
1.726860625000000000e+05
1.727653437500000000e+05
1.728092656250000000e+05
1.728272343750000000e+05
1.728543281250000000e+05
1.728666406250000000e+05
1.729611875000000000e+05
1.729827500000000000e+05
1.730103750000000000e+05
1.731575000000000000e+05
1.720654843750000000e+05
1.721074218750000000e+05
1.721429062500000000e+05
1.721913281250000000e+05
1.722270000000000000e+05
1.722543906250000000e+05
1.724018125000000000e+05
1.724508437500000000e+05
1.724832500000000000e+05
1.725327031250000000e+05
1.726042500000000000e+05
1.726524375000000000e+05
1.727087500000000000e+05
1.727752968750000000e+05
1.728327968750000000e+05
1.728847500000000000e+05
1.729240312500000000e+05
1.729648593750000000e+05
1.730714062500000000e+05
1.731801250000000000e+05
1.732616406250000000e+05
1.734523750000000000e+05
1.735447343750000000e+05
1.738666562500000000e+05
1.739924062500000000e+05
1.720735937500000000e+05
1.721085312500000000e+05
1.721310625000000000e+05
1.722182031250000000e+05
1.722485000000000000e+05
1.722824843750000000e+05
1.723616875000000000e+05
1.724137031250000000e+05
1.724324843750000000e+05
1.724842812500000000e+05
1.726126250000000000e+05
1.726773750000000000e+05
1.726975312500000000e+05
1.727422500000000000e+05
1.728384375000000000e+05
1.728683906250000000e+05
1.729358750000000000e+05
1.729625625000000000e+05
1.729957500000000000e+05
1.730365937500000000e+05
1.731554687500000000e+05
1.720732187500000000e+05
1.721323750000000000e+05
1.721572812500000000e+05
1.721669375000000000e+05
1.721812968750000000e+05
1.722005468750000000e+05
1.722211875000000000e+05
1.722390156250000000e+05
1.722720937500000000e+05
1.723008593750000000e+05
1.723334531250000000e+05
1.723498750000000000e+05
1.723726093750000000e+05
1.723944687500000000e+05
1.724459531250000000e+05
1.724738125000000000e+05
1.724942343750000000e+05
1.725410156250000000e+05
1.725639375000000000e+05
1.726074531250000000e+05
1.726491250000000000e+05
1.726645781250000000e+05
1.727411250000000000e+05
1.727517031250000000e+05
1.727882187500000000e+05
1.728183593750000000e+05
1.728374843750000000e+05
1.728473125000000000e+05
1.728973281250000000e+05
1.729171875000000000e+05
1.729360000000000000e+05
1.729622187500000000e+05
1.730011093750000000e+05
1.730169375000000000e+05
1.730293593750000000e+05
1.730472656250000000e+05
1.732408593750000000e+05
1.733764218750000000e+05
1.733993593750000000e+05
1.734876718750000000e+05
1.735143281250000000e+05
1.739125000000000000e+05
1.720715937500000000e+05
1.720907187500000000e+05
1.720998437500000000e+05
1.721181406250000000e+05
1.721352343750000000e+05
1.721577187500000000e+05
1.721707187500000000e+05
1.721823125000000000e+05
1.721971093750000000e+05
1.722103281250000000e+05
1.722307968750000000e+05
1.722542343750000000e+05
1.722624062500000000e+05
1.722792656250000000e+05
1.722918125000000000e+05
1.722998750000000000e+05
1.723117968750000000e+05
1.723291875000000000e+05
1.723388906250000000e+05
1.723509062500000000e+05
1.723667656250000000e+05
1.723903125000000000e+05
1.724237968750000000e+05
1.724335312500000000e+05
1.724488281250000000e+05
1.724608125000000000e+05
1.724903281250000000e+05
1.725076562500000000e+05
1.725612187500000000e+05
1.725856875000000000e+05
1.725995312500000000e+05
1.726094375000000000e+05
1.726202187500000000e+05
1.726322656250000000e+05
1.726581093750000000e+05
1.726659218750000000e+05
1.727033750000000000e+05
1.727272500000000000e+05
1.727408125000000000e+05
1.727513437500000000e+05
1.727790937500000000e+05
1.727953593750000000e+05
1.728169687500000000e+05
1.728395625000000000e+05
1.728480625000000000e+05
1.728710156250000000e+05
1.728894375000000000e+05
1.728992812500000000e+05
1.729157187500000000e+05
1.729229062500000000e+05
1.729405781250000000e+05
1.729539687500000000e+05
1.729651562500000000e+05
1.729734062500000000e+05
1.730026875000000000e+05
1.730185468750000000e+05
1.730294531250000000e+05
1.730468593750000000e+05
1.730641093750000000e+05
1.730878906250000000e+05
1.731123125000000000e+05
1.731573437500000000e+05
1.731753750000000000e+05
1.732391093750000000e+05
1.733124531250000000e+05
1.733894218750000000e+05
1.734712500000000000e+05
1.735148593750000000e+05
1.735290156250000000e+05
1.736379843750000000e+05
1.736547656250000000e+05
1.737074062500000000e+05
1.737654062500000000e+05
1.737916562500000000e+05
1.738375312500000000e+05
1.738938125000000000e+05
1.739752968750000000e+05
1.740520156250000000e+05
1.720704843750000000e+05
1.720818750000000000e+05
1.720972343750000000e+05
1.721127656250000000e+05
1.721287968750000000e+05
1.721561250000000000e+05
1.721714375000000000e+05
1.721862187500000000e+05
1.722187500000000000e+05
1.722320468750000000e+05
1.722491250000000000e+05
1.722608281250000000e+05
1.722727812500000000e+05
1.722865000000000000e+05
1.723010468750000000e+05
1.723154218750000000e+05
1.723325937500000000e+05
1.723538593750000000e+05
1.723771718750000000e+05
1.724165468750000000e+05
1.724329218750000000e+05
1.724457187500000000e+05
1.724712968750000000e+05
1.724851250000000000e+05
1.725011250000000000e+05
1.725247187500000000e+05
1.725475468750000000e+05
1.725669687500000000e+05
1.725820312500000000e+05
1.726030468750000000e+05
1.726255781250000000e+05
1.726420312500000000e+05
1.726583125000000000e+05
1.726751093750000000e+05
1.726917812500000000e+05
1.727050468750000000e+05
1.727172500000000000e+05
1.727310468750000000e+05
1.727441718750000000e+05
1.727566875000000000e+05
1.727761875000000000e+05
1.727909375000000000e+05
1.728030312500000000e+05
1.728263750000000000e+05
1.728418593750000000e+05
1.728550781250000000e+05
1.728688750000000000e+05
1.728822187500000000e+05
1.729077656250000000e+05
1.729266562500000000e+05
1.729452656250000000e+05
1.729589062500000000e+05
1.729705937500000000e+05
1.729907812500000000e+05
1.730093593750000000e+05
1.730215937500000000e+05
1.730382031250000000e+05
1.731711718750000000e+05
1.732991718750000000e+05
1.734332812500000000e+05
1.735304375000000000e+05
1.736393593750000000e+05
1.736790937500000000e+05
1.738681875000000000e+05
1.739866250000000000e+05
1.740881406250000000e+05
