1.740919218750000000e+05
1.741025312500000000e+05
1.741116406250000000e+05
1.741240312500000000e+05
1.741321562500000000e+05
1.741569531250000000e+05
1.742057343750000000e+05
1.742171250000000000e+05
1.742382187500000000e+05
1.742524687500000000e+05
1.742668125000000000e+05
1.742853906250000000e+05
1.742943593750000000e+05
1.743180937500000000e+05
1.743435625000000000e+05
1.743566875000000000e+05
1.743657031250000000e+05
1.743925000000000000e+05
1.744262812500000000e+05
1.744472968750000000e+05
1.744696406250000000e+05
1.744948593750000000e+05
1.745122656250000000e+05
1.745387343750000000e+05
1.745662656250000000e+05
1.745795625000000000e+05
1.745940312500000000e+05
1.746029531250000000e+05
1.746151718750000000e+05
1.746367812500000000e+05
1.746593437500000000e+05
1.746737656250000000e+05
1.746870781250000000e+05
1.747127187500000000e+05
1.747216406250000000e+05
1.747414843750000000e+05
1.747563906250000000e+05
1.747861718750000000e+05
1.747935937500000000e+05
1.748090156250000000e+05
1.748169062500000000e+05
1.748396875000000000e+05
1.748609687500000000e+05
1.748714375000000000e+05
1.748876718750000000e+05
1.749035781250000000e+05
1.749238906250000000e+05
1.749339531250000000e+05
1.749413593750000000e+05
1.749480468750000000e+05
1.749569062500000000e+05
1.749674531250000000e+05
1.749791406250000000e+05
1.749991562500000000e+05
1.750241718750000000e+05
1.751088281250000000e+05
1.751295625000000000e+05
1.753310468750000000e+05
1.753999218750000000e+05
1.754650468750000000e+05
1.754892031250000000e+05
1.755443437500000000e+05
1.755779531250000000e+05
1.756429843750000000e+05
1.756681250000000000e+05
1.757263750000000000e+05
1.757597968750000000e+05
1.757919375000000000e+05
1.758887500000000000e+05
1.761120312500000000e+05
1.741036562500000000e+05
1.741215312500000000e+05
1.741472812500000000e+05
1.741650000000000000e+05
1.741830625000000000e+05
1.742032968750000000e+05
1.742118593750000000e+05
1.742198125000000000e+05
1.742342343750000000e+05
1.742422812500000000e+05
1.742642187500000000e+05
1.742727656250000000e+05
1.742912343750000000e+05
1.742999687500000000e+05
1.743175625000000000e+05
1.743252968750000000e+05
1.743432968750000000e+05
1.743536562500000000e+05
1.743611718750000000e+05
1.743680781250000000e+05
1.743790937500000000e+05
1.743928281250000000e+05
1.744204375000000000e+05
1.744326718750000000e+05
1.744412968750000000e+05
1.744569687500000000e+05
1.744810000000000000e+05
1.744967968750000000e+05
1.745054687500000000e+05
1.745128750000000000e+05
1.745200000000000000e+05
1.745372812500000000e+05
1.745448437500000000e+05
1.745614843750000000e+05
1.745802343750000000e+05
1.745904375000000000e+05
1.746079218750000000e+05
1.746225781250000000e+05
1.746316875000000000e+05
1.746430312500000000e+05
1.746508437500000000e+05
1.746567656250000000e+05
1.746630000000000000e+05
1.746816718750000000e+05
1.746906093750000000e+05
1.747015156250000000e+05
1.747129531250000000e+05
1.747316875000000000e+05
1.747491406250000000e+05
1.747658437500000000e+05
1.747753593750000000e+05
1.747843750000000000e+05
1.747911562500000000e+05
1.747977656250000000e+05
1.748041406250000000e+05
1.748264687500000000e+05
1.748497812500000000e+05
1.748641718750000000e+05
1.748774843750000000e+05
1.748924843750000000e+05
1.749094687500000000e+05
1.749265937500000000e+05
1.749344375000000000e+05
1.749429375000000000e+05
1.749532187500000000e+05
1.749612812500000000e+05
1.749689375000000000e+05
1.749762656250000000e+05
1.749977812500000000e+05
1.750053125000000000e+05
1.750129687500000000e+05
1.750227968750000000e+05
1.750340156250000000e+05
1.751130312500000000e+05
1.751302656250000000e+05
1.751472968750000000e+05
1.751992031250000000e+05
1.752282500000000000e+05
1.752655625000000000e+05
1.753106406250000000e+05
1.753279843750000000e+05
1.753416250000000000e+05
1.754159843750000000e+05
1.754417968750000000e+05
1.754551250000000000e+05
1.755075781250000000e+05
1.755262343750000000e+05
1.755665000000000000e+05
1.756054531250000000e+05
1.756427812500000000e+05
1.756986718750000000e+05
1.757184843750000000e+05
1.757418906250000000e+05
1.757947031250000000e+05
1.758165781250000000e+05
1.758426406250000000e+05
1.758604687500000000e+05
1.758896875000000000e+05
1.759390937500000000e+05
1.759573593750000000e+05
1.760267343750000000e+05
1.760675156250000000e+05
1.741327031250000000e+05
1.741559687500000000e+05
1.741707656250000000e+05
1.741877343750000000e+05
1.742108125000000000e+05
1.742305000000000000e+05
1.742460156250000000e+05
1.742685781250000000e+05
1.742937031250000000e+05
1.743148593750000000e+05
1.743316562500000000e+05
1.743587656250000000e+05
1.743720000000000000e+05
1.743897187500000000e+05
1.744039062500000000e+05
1.744225156250000000e+05
1.744545781250000000e+05
1.744736718750000000e+05
1.744849062500000000e+05
1.745047031250000000e+05
1.745201093750000000e+05
1.745362500000000000e+05
1.745607343750000000e+05
1.745802031250000000e+05
1.746143750000000000e+05
1.746356250000000000e+05
1.746510000000000000e+05
1.746652500000000000e+05
1.746850781250000000e+05
1.746984843750000000e+05
1.747330312500000000e+05
1.747570937500000000e+05
1.747672343750000000e+05
1.747910781250000000e+05
1.748125625000000000e+05
1.748328281250000000e+05
1.748522187500000000e+05
1.748668906250000000e+05
1.748928593750000000e+05
1.749164062500000000e+05
1.749493593750000000e+05
1.749690312500000000e+05
1.749989062500000000e+05
1.750282812500000000e+05
1.750406875000000000e+05
1.751219062500000000e+05
1.751591718750000000e+05
1.751808125000000000e+05
1.752083281250000000e+05
1.752446718750000000e+05
1.752606250000000000e+05
1.752804062500000000e+05
1.753303281250000000e+05
1.753956875000000000e+05
1.754274218750000000e+05
1.754904531250000000e+05
1.755475625000000000e+05
1.755731250000000000e+05
1.756682343750000000e+05
1.757353750000000000e+05
1.757934218750000000e+05
1.758412187500000000e+05
1.758887031250000000e+05
1.759130625000000000e+05
1.759374218750000000e+05
1.759830781250000000e+05
1.760063437500000000e+05
1.760274375000000000e+05
1.760550781250000000e+05
1.740897968750000000e+05
1.741149687500000000e+05
1.741253906250000000e+05
1.741388750000000000e+05
1.741559843750000000e+05
1.741765937500000000e+05
1.741909843750000000e+05
1.742061093750000000e+05
1.742260625000000000e+05
1.742468906250000000e+05
1.742618906250000000e+05
1.742745781250000000e+05
1.742873593750000000e+05
1.742966875000000000e+05
1.743094375000000000e+05
1.743220781250000000e+05
1.743320468750000000e+05
1.743511718750000000e+05
1.743743906250000000e+05
1.743910781250000000e+05
1.744055781250000000e+05
1.744240000000000000e+05
1.744330625000000000e+05
1.744476718750000000e+05
1.744656562500000000e+05
1.744742656250000000e+05
1.744893750000000000e+05
1.745030312500000000e+05
1.745172187500000000e+05
1.745310937500000000e+05
1.745465468750000000e+05
1.745667031250000000e+05
1.745792968750000000e+05
1.745932343750000000e+05
1.746023593750000000e+05
1.746145781250000000e+05
1.746276093750000000e+05
1.746394687500000000e+05
1.746652656250000000e+05
1.746824218750000000e+05
1.747057656250000000e+05
1.747230468750000000e+05
1.747334531250000000e+05
1.747425000000000000e+05
1.747597500000000000e+05
1.747685937500000000e+05
1.747835312500000000e+05
1.748005625000000000e+05
1.748174843750000000e+05
1.748321875000000000e+05
1.748432968750000000e+05
1.748505312500000000e+05
1.748652656250000000e+05
1.748792812500000000e+05
1.749031562500000000e+05
1.749281875000000000e+05
1.749504218750000000e+05
1.749699843750000000e+05
1.749929531250000000e+05
1.750044531250000000e+05
1.750252968750000000e+05
1.750402812500000000e+05
1.750532812500000000e+05
1.751029687500000000e+05
1.751787500000000000e+05
1.752533906250000000e+05
1.753136093750000000e+05
1.753605625000000000e+05
1.754876718750000000e+05
1.755458750000000000e+05
1.756852343750000000e+05
1.757082187500000000e+05
1.757903125000000000e+05
1.758532343750000000e+05
1.759472031250000000e+05
1.760281875000000000e+05
1.741490156250000000e+05
1.741763125000000000e+05
1.742185781250000000e+05
1.742417187500000000e+05
1.742795156250000000e+05
1.743040937500000000e+05
1.743313437500000000e+05
1.743625468750000000e+05
1.744144062500000000e+05
1.744860937500000000e+05
1.745066718750000000e+05
1.745353593750000000e+05
1.745985312500000000e+05
1.746208437500000000e+05
1.746611875000000000e+05
1.747161406250000000e+05
1.747601406250000000e+05
1.748090156250000000e+05
1.748655781250000000e+05
1.749294687500000000e+05
1.752497031250000000e+05
1.753094375000000000e+05
1.754214843750000000e+05
1.754417656250000000e+05
1.754697187500000000e+05
1.756440625000000000e+05
1.760580312500000000e+05
1.740802968750000000e+05
1.740991875000000000e+05
1.741197812500000000e+05
1.741484218750000000e+05
1.741620156250000000e+05
1.741898281250000000e+05
1.742009687500000000e+05
1.742260625000000000e+05
1.742553125000000000e+05
1.742902968750000000e+05
1.743144375000000000e+05
1.743253437500000000e+05
1.743395625000000000e+05
1.743648750000000000e+05
1.743923125000000000e+05
1.744255312500000000e+05
1.744552031250000000e+05
1.744703750000000000e+05
1.744962343750000000e+05
1.745313437500000000e+05
1.745676875000000000e+05
1.746003281250000000e+05
1.746236406250000000e+05
1.746380937500000000e+05
1.746602812500000000e+05
1.746884062500000000e+05
1.747106718750000000e+05
1.747229375000000000e+05
1.747492187500000000e+05
1.747670625000000000e+05
1.747826562500000000e+05
1.748256093750000000e+05
1.748499062500000000e+05
1.748669062500000000e+05
1.748952656250000000e+05
1.749142500000000000e+05
1.749275312500000000e+05
1.749478437500000000e+05
1.750015312500000000e+05
1.750263437500000000e+05
1.750750000000000000e+05
1.751119062500000000e+05
1.751989218750000000e+05
1.752306406250000000e+05
1.752614218750000000e+05
1.752964375000000000e+05
1.753279687500000000e+05
1.754055312500000000e+05
1.754691093750000000e+05
1.755539687500000000e+05
1.756668125000000000e+05
1.757338437500000000e+05
1.758759687500000000e+05
1.759019218750000000e+05
1.759637343750000000e+05
1.759956718750000000e+05
1.760232812500000000e+05
1.760659218750000000e+05
1.761054687500000000e+05
1.741268906250000000e+05
1.741493593750000000e+05
1.741727031250000000e+05
1.742001718750000000e+05
1.742309843750000000e+05
1.742942812500000000e+05
1.743358437500000000e+05
1.743627656250000000e+05
1.743937187500000000e+05
1.744134843750000000e+05
1.744467031250000000e+05
1.744607968750000000e+05
1.744715937500000000e+05
1.744925468750000000e+05
1.745145156250000000e+05
1.745468125000000000e+05
1.745845156250000000e+05
1.746242343750000000e+05
1.746313750000000000e+05
1.746444531250000000e+05
1.746604375000000000e+05
1.747087187500000000e+05
1.747260781250000000e+05
1.747555468750000000e+05
1.747755625000000000e+05
1.747845625000000000e+05
1.748154218750000000e+05
1.748651875000000000e+05
1.748845937500000000e+05
1.749089062500000000e+05
1.749337500000000000e+05
1.749678281250000000e+05
1.749995781250000000e+05
1.750294687500000000e+05
1.750470000000000000e+05
1.751079218750000000e+05
1.751293750000000000e+05
1.751866562500000000e+05
1.752456093750000000e+05
1.753161562500000000e+05
1.754263750000000000e+05
1.754508906250000000e+05
1.755433906250000000e+05
1.755664687500000000e+05
1.756380156250000000e+05
1.757439531250000000e+05
1.757656406250000000e+05
1.758556250000000000e+05
1.758958281250000000e+05
1.759940000000000000e+05
1.760429062500000000e+05
1.760827343750000000e+05
1.740772812500000000e+05
1.741463906250000000e+05
1.741798437500000000e+05
1.742116562500000000e+05
1.742330468750000000e+05
1.742731406250000000e+05
1.742849843750000000e+05
1.743163437500000000e+05
1.743390156250000000e+05
1.743543593750000000e+05
1.743740156250000000e+05
1.743836875000000000e+05
1.744045312500000000e+05
1.744131718750000000e+05
1.744329531250000000e+05
1.744547812500000000e+05
1.744801562500000000e+05
1.744937031250000000e+05
1.745163750000000000e+05
1.745615156250000000e+05
1.745885468750000000e+05
1.746164687500000000e+05
1.746243750000000000e+05
1.746477187500000000e+05
1.746704531250000000e+05
1.747037343750000000e+05
1.747418593750000000e+05
1.747602812500000000e+05
1.747764843750000000e+05
1.748069218750000000e+05
1.748229062500000000e+05
1.748878281250000000e+05
1.749317812500000000e+05
1.749527656250000000e+05
1.749751718750000000e+05
1.750027968750000000e+05
1.750138125000000000e+05
1.750484062500000000e+05
1.750944375000000000e+05
1.751319218750000000e+05
1.751834531250000000e+05
1.752474375000000000e+05
1.753156562500000000e+05
1.754079062500000000e+05
1.754346250000000000e+05
1.755128593750000000e+05
1.755531562500000000e+05
1.756206875000000000e+05
1.756711093750000000e+05
1.757639062500000000e+05
1.758290000000000000e+05
1.758769375000000000e+05
1.760236718750000000e+05
1.740999531250000000e+05
1.741302812500000000e+05
1.741446250000000000e+05
1.741637812500000000e+05
1.741853906250000000e+05
1.742052656250000000e+05
1.742231250000000000e+05
1.742422656250000000e+05
1.742649843750000000e+05
1.742875000000000000e+05
1.743028906250000000e+05
1.743207500000000000e+05
1.743370156250000000e+05
1.743633281250000000e+05
1.743797812500000000e+05
1.743977343750000000e+05
1.744227031250000000e+05
1.744350937500000000e+05
1.744565781250000000e+05
1.744768906250000000e+05
1.744899531250000000e+05
1.745094687500000000e+05
1.745360156250000000e+05
1.745511406250000000e+05
1.745736406250000000e+05
1.745858593750000000e+05
1.746063437500000000e+05
1.746180156250000000e+05
1.746380468750000000e+05
1.746560000000000000e+05
1.746706093750000000e+05
1.746940156250000000e+05
1.747045781250000000e+05
1.747244843750000000e+05
1.747375625000000000e+05
1.747667031250000000e+05
1.747873750000000000e+05
1.748105156250000000e+05
1.748290937500000000e+05
1.748460937500000000e+05
1.748643906250000000e+05
1.748768593750000000e+05
1.748915781250000000e+05
1.749100000000000000e+05
1.749246406250000000e+05
1.749438906250000000e+05
1.749655312500000000e+05
1.749784375000000000e+05
1.749949843750000000e+05
1.750081250000000000e+05
1.750332968750000000e+05
1.750486562500000000e+05
1.750950000000000000e+05
1.751854375000000000e+05
1.752826562500000000e+05
1.753251406250000000e+05
1.754230468750000000e+05
1.754648125000000000e+05
1.754888593750000000e+05
1.755553906250000000e+05
1.756122656250000000e+05
1.756480937500000000e+05
1.756865781250000000e+05
1.757368437500000000e+05
1.757835156250000000e+05
1.758318437500000000e+05
1.759256406250000000e+05
1.760433437500000000e+05
1.760774062500000000e+05
1.761783593750000000e+05
1.740830468750000000e+05
1.741096250000000000e+05
1.741388125000000000e+05
1.741682812500000000e+05
1.742129687500000000e+05
1.742328906250000000e+05
1.742674843750000000e+05
1.742943437500000000e+05
1.743275000000000000e+05
1.743723750000000000e+05
1.744282187500000000e+05
1.744495156250000000e+05
1.744872656250000000e+05
1.745288906250000000e+05
1.745744843750000000e+05
1.746133906250000000e+05
1.746504531250000000e+05
1.747221718750000000e+05
1.747594375000000000e+05
1.747950937500000000e+05
1.748390156250000000e+05
1.748988437500000000e+05
1.749245156250000000e+05
1.749561250000000000e+05
1.750050625000000000e+05
1.750571562500000000e+05
1.753305312500000000e+05
1.757391562500000000e+05
1.759320937500000000e+05
1.741089375000000000e+05
1.741250000000000000e+05
1.741356718750000000e+05
1.741503281250000000e+05
1.741684531250000000e+05
1.741777812500000000e+05
1.741941093750000000e+05
1.742029062500000000e+05
1.742204843750000000e+05
1.742302656250000000e+05
1.742382968750000000e+05
1.742583593750000000e+05
1.742743437500000000e+05
1.742896562500000000e+05
1.743022031250000000e+05
1.743222343750000000e+05
1.743390156250000000e+05
1.743470625000000000e+05
1.743534062500000000e+05
1.743688750000000000e+05
1.743771406250000000e+05
1.743849375000000000e+05
1.744047656250000000e+05
1.744246250000000000e+05
1.744445312500000000e+05
1.744558437500000000e+05
1.744729062500000000e+05
1.744821093750000000e+05
1.744902031250000000e+05
1.745057656250000000e+05
1.745142187500000000e+05
1.745235000000000000e+05
1.745359062500000000e+05
1.745429062500000000e+05
1.745497343750000000e+05
1.745582343750000000e+05
1.745730625000000000e+05
1.745859375000000000e+05
1.746049843750000000e+05
1.746152656250000000e+05
1.746220937500000000e+05
1.746282656250000000e+05
1.746350781250000000e+05
1.746466875000000000e+05
1.746540156250000000e+05
1.746607968750000000e+05
1.746716250000000000e+05
1.746793750000000000e+05
1.746910625000000000e+05
1.746998281250000000e+05
1.747196562500000000e+05
1.747388750000000000e+05
1.747486093750000000e+05
1.747564531250000000e+05
1.747633750000000000e+05
1.747699062500000000e+05
1.747819375000000000e+05
1.747896093750000000e+05
1.747976562500000000e+05
1.748111562500000000e+05
1.748197343750000000e+05
1.748357500000000000e+05
1.748445468750000000e+05
1.748527812500000000e+05
1.748651875000000000e+05
1.748737968750000000e+05
1.748846406250000000e+05
1.748980468750000000e+05
1.749155625000000000e+05
1.749295781250000000e+05
1.749376250000000000e+05
1.749445625000000000e+05
1.749602656250000000e+05
1.749691718750000000e+05
1.749828906250000000e+05
1.749929687500000000e+05
1.750004531250000000e+05
1.750081250000000000e+05
1.750255468750000000e+05
1.750335312500000000e+05
1.750407656250000000e+05
1.750494687500000000e+05
1.750895468750000000e+05
1.751119843750000000e+05
1.751572968750000000e+05
1.752007343750000000e+05
1.752248906250000000e+05
1.752477187500000000e+05
1.752974375000000000e+05
1.753193750000000000e+05
1.753681250000000000e+05
1.754081562500000000e+05
1.754364062500000000e+05
1.754669531250000000e+05
1.754864843750000000e+05
1.755059531250000000e+05
1.755303906250000000e+05
1.755535000000000000e+05
1.755795937500000000e+05
1.756164062500000000e+05
1.756501250000000000e+05
1.757020625000000000e+05
1.757486250000000000e+05
1.757803906250000000e+05
1.758014375000000000e+05
1.758530156250000000e+05
1.758878593750000000e+05
1.759348281250000000e+05
1.759559375000000000e+05
1.759789843750000000e+05
1.760075000000000000e+05
1.760316875000000000e+05
1.760628750000000000e+05
1.760878437500000000e+05
1.741107812500000000e+05
1.741413281250000000e+05
1.741795625000000000e+05
1.741996250000000000e+05
1.742190312500000000e+05
1.742430312500000000e+05
1.742593281250000000e+05
1.742882031250000000e+05
1.743106718750000000e+05
1.743225937500000000e+05
1.743497812500000000e+05
1.743659062500000000e+05
1.743791093750000000e+05
1.744005312500000000e+05
1.744145937500000000e+05
1.744300937500000000e+05
1.744477812500000000e+05
1.744638125000000000e+05
1.744766875000000000e+05
1.745201093750000000e+05
1.745422343750000000e+05
1.745608281250000000e+05
1.745751562500000000e+05
1.745931406250000000e+05
1.746051875000000000e+05
1.746480468750000000e+05
1.746686250000000000e+05
1.746824062500000000e+05
1.747217500000000000e+05
1.747424687500000000e+05
1.747662187500000000e+05
1.747913750000000000e+05
1.748138281250000000e+05
1.748265000000000000e+05
1.748396875000000000e+05
1.748639687500000000e+05
1.748813906250000000e+05
1.749010468750000000e+05
1.749160156250000000e+05
1.749330781250000000e+05
1.749530625000000000e+05
1.749743437500000000e+05
1.749972343750000000e+05
1.750097187500000000e+05
1.750280156250000000e+05
1.750525468750000000e+05
1.751670468750000000e+05
1.752100312500000000e+05
1.753635312500000000e+05
1.754794375000000000e+05
1.757000312500000000e+05
1.757805000000000000e+05
1.760040781250000000e+05
1.760820468750000000e+05
1.740763437500000000e+05
1.741660156250000000e+05
1.742020937500000000e+05
1.744638281250000000e+05
1.745864218750000000e+05
1.746474375000000000e+05
1.747786250000000000e+05
1.748766093750000000e+05
1.750143750000000000e+05
1.756935781250000000e+05
1.760762031250000000e+05
1.741059062500000000e+05
1.741167968750000000e+05
1.741250781250000000e+05
1.741323281250000000e+05
1.741385312500000000e+05
1.741445937500000000e+05
1.741514218750000000e+05
1.741589218750000000e+05
1.741774843750000000e+05
1.741839843750000000e+05
1.741903437500000000e+05
1.741970781250000000e+05
1.742036562500000000e+05
1.742105468750000000e+05
1.742171875000000000e+05
1.742237343750000000e+05
1.742302343750000000e+05
1.742361875000000000e+05
1.742438750000000000e+05
1.742510625000000000e+05
1.742581562500000000e+05
1.742659375000000000e+05
1.742736250000000000e+05
1.742793281250000000e+05
1.742857812500000000e+05
1.742927656250000000e+05
1.742994375000000000e+05
1.743067031250000000e+05
1.743140781250000000e+05
1.743225468750000000e+05
1.743301718750000000e+05
1.743368125000000000e+05
1.743441562500000000e+05
1.743528437500000000e+05
1.743595781250000000e+05
1.743660468750000000e+05
1.743734062500000000e+05
1.743802656250000000e+05
1.743873125000000000e+05
1.743947656250000000e+05
1.744025156250000000e+05
1.744094531250000000e+05
1.744164218750000000e+05
1.744235468750000000e+05
1.744299531250000000e+05
1.744363593750000000e+05
1.744434687500000000e+05
1.744506406250000000e+05
1.744575312500000000e+05
1.744650156250000000e+05
1.744735625000000000e+05
1.744815781250000000e+05
1.744901406250000000e+05
1.744998906250000000e+05
1.745094687500000000e+05
1.745172343750000000e+05
1.745269687500000000e+05
1.745356093750000000e+05
1.745420468750000000e+05
1.745492343750000000e+05
1.745575156250000000e+05
1.745656875000000000e+05
1.745734218750000000e+05
1.745803125000000000e+05
1.745878906250000000e+05
1.745952031250000000e+05
1.746028437500000000e+05
1.746108437500000000e+05
1.746177500000000000e+05
1.746244062500000000e+05
1.746313125000000000e+05
1.746385000000000000e+05
1.746456718750000000e+05
1.746528125000000000e+05
1.746593437500000000e+05
1.746665625000000000e+05
1.746737968750000000e+05
1.746815156250000000e+05
1.746897968750000000e+05
1.746973281250000000e+05
1.747043125000000000e+05
1.747124687500000000e+05
1.747207187500000000e+05
1.747285625000000000e+05
1.747363906250000000e+05
1.747449062500000000e+05
1.747535625000000000e+05
1.747604375000000000e+05
1.747666718750000000e+05
1.747727500000000000e+05
1.747795156250000000e+05
1.747861562500000000e+05
1.747921562500000000e+05
1.747983437500000000e+05
1.748046406250000000e+05
1.748115625000000000e+05
1.748172500000000000e+05
1.748235781250000000e+05
1.748301718750000000e+05
1.748368593750000000e+05
1.748433437500000000e+05
1.748496562500000000e+05
1.748570468750000000e+05
1.748652031250000000e+05
1.748720000000000000e+05
1.748788593750000000e+05
1.748856406250000000e+05
1.748916875000000000e+05
1.748976718750000000e+05
1.749036406250000000e+05
1.749098906250000000e+05
1.749168750000000000e+05
1.749236406250000000e+05
1.749312812500000000e+05
1.749378437500000000e+05
1.749453593750000000e+05
1.749528750000000000e+05
1.749599687500000000e+05
1.749667500000000000e+05
1.749739375000000000e+05
1.749808437500000000e+05
1.749871562500000000e+05
1.749934687500000000e+05
1.749993750000000000e+05
1.750055156250000000e+05
1.750114531250000000e+05
1.750185000000000000e+05
1.750266250000000000e+05
1.750335625000000000e+05
1.750402968750000000e+05
1.750476406250000000e+05
1.750580625000000000e+05
1.750719062500000000e+05
1.750943125000000000e+05
1.751211406250000000e+05
1.751455000000000000e+05
1.751652812500000000e+05
1.751849062500000000e+05
1.752036718750000000e+05
1.752243593750000000e+05
1.752452500000000000e+05
1.752615625000000000e+05
1.752810468750000000e+05
1.753060156250000000e+05
1.753295625000000000e+05
1.753461406250000000e+05
1.753795781250000000e+05
1.754151875000000000e+05
1.754364531250000000e+05
1.754546875000000000e+05
1.754790156250000000e+05
1.754987343750000000e+05
1.755190156250000000e+05
1.755442812500000000e+05
1.755669062500000000e+05
1.755920000000000000e+05
1.756341718750000000e+05
1.756584218750000000e+05
1.756845937500000000e+05
1.757078281250000000e+05
1.757267187500000000e+05
1.757519375000000000e+05
1.757778750000000000e+05
1.757980468750000000e+05
1.758236875000000000e+05
1.758516718750000000e+05
1.758738125000000000e+05
1.758934218750000000e+05
1.759207343750000000e+05
1.759438125000000000e+05
1.759656093750000000e+05
1.759908906250000000e+05
1.760129843750000000e+05
1.760396250000000000e+05
1.760659843750000000e+05
1.760960000000000000e+05
1.740772968750000000e+05
1.741147031250000000e+05
1.741414687500000000e+05
1.741647968750000000e+05
1.741910468750000000e+05
1.742294531250000000e+05
1.742572343750000000e+05
1.742844843750000000e+05
1.743103125000000000e+05
1.743317187500000000e+05
1.743540937500000000e+05
1.743796250000000000e+05
1.744035312500000000e+05
1.744312343750000000e+05
1.744622812500000000e+05
1.744963125000000000e+05
1.745187500000000000e+05
1.745417968750000000e+05
1.745648281250000000e+05
1.745901562500000000e+05
1.746201875000000000e+05
1.746478125000000000e+05
1.746759375000000000e+05
1.747014531250000000e+05
1.747333593750000000e+05
1.747606093750000000e+05
1.747931093750000000e+05
1.748279843750000000e+05
1.748540781250000000e+05
1.748822656250000000e+05
1.749117656250000000e+05
1.749355312500000000e+05
1.749702343750000000e+05
1.749952656250000000e+05
1.750302031250000000e+05
1.750538906250000000e+05
1.751231406250000000e+05
1.751855781250000000e+05
1.752477812500000000e+05
1.753166875000000000e+05
1.754180781250000000e+05
1.754971718750000000e+05
1.755552968750000000e+05
1.756566562500000000e+05
1.757598593750000000e+05
1.758364843750000000e+05
1.759113125000000000e+05
1.759737812500000000e+05
1.760407187500000000e+05
1.740912656250000000e+05
1.741072968750000000e+05
1.741300937500000000e+05
1.741650156250000000e+05
1.741856406250000000e+05
1.742082187500000000e+05
1.742386562500000000e+05
1.742590156250000000e+05
1.742752031250000000e+05
1.743116718750000000e+05
1.743521250000000000e+05
1.743704531250000000e+05
1.743930781250000000e+05
1.744144687500000000e+05
1.744315625000000000e+05
1.744563906250000000e+05
1.744745000000000000e+05
1.744991562500000000e+05
1.745171718750000000e+05
1.745589843750000000e+05
1.745761093750000000e+05
1.745930625000000000e+05
1.746115312500000000e+05
1.746299531250000000e+05
1.746697656250000000e+05
1.747132187500000000e+05
1.747311093750000000e+05
1.747464218750000000e+05
1.747663906250000000e+05
1.747998750000000000e+05
1.748244687500000000e+05
1.748419531250000000e+05
1.748541875000000000e+05
1.748655781250000000e+05
1.748804062500000000e+05
1.748948437500000000e+05
1.749360937500000000e+05
1.749619062500000000e+05
1.749819062500000000e+05
1.749959218750000000e+05
1.750110156250000000e+05
1.750273281250000000e+05
1.750452031250000000e+05
1.740698437500000000e+05
1.740916406250000000e+05
1.741004375000000000e+05
1.741081406250000000e+05
1.741254375000000000e+05
1.741406250000000000e+05
1.741496875000000000e+05
1.741624843750000000e+05
1.741778437500000000e+05
1.741913437500000000e+05
1.742065468750000000e+05
1.742185781250000000e+05
1.742309218750000000e+05
1.742424062500000000e+05
1.742642343750000000e+05
1.742772031250000000e+05
1.742980156250000000e+05
1.743176718750000000e+05
1.743290000000000000e+05
1.743425937500000000e+05
1.743534375000000000e+05
1.743616562500000000e+05
1.743788593750000000e+05
1.743885468750000000e+05
1.744022031250000000e+05
1.744327343750000000e+05
1.744535937500000000e+05
1.744666562500000000e+05
1.744796718750000000e+05
1.744891562500000000e+05
1.745010156250000000e+05
1.745094843750000000e+05
1.745163906250000000e+05
1.745239687500000000e+05
1.745389843750000000e+05
1.745461875000000000e+05
1.745582187500000000e+05
1.745786875000000000e+05
1.745938593750000000e+05
1.746091406250000000e+05
1.746250156250000000e+05
1.746400781250000000e+05
1.746598593750000000e+05
1.746770312500000000e+05
1.747031250000000000e+05
1.747188125000000000e+05
1.747298906250000000e+05
1.747370156250000000e+05
1.747505937500000000e+05
1.747624843750000000e+05
1.747771406250000000e+05
1.747915625000000000e+05
1.748062500000000000e+05
1.748155312500000000e+05
1.748287343750000000e+05
1.748412187500000000e+05
1.748509843750000000e+05
1.748695625000000000e+05
1.748886093750000000e+05
1.749081093750000000e+05
1.749245781250000000e+05
1.749396875000000000e+05
1.749536718750000000e+05
1.749698750000000000e+05
1.749923750000000000e+05
1.750105625000000000e+05
1.750275000000000000e+05
1.750399375000000000e+05
1.751172968750000000e+05
1.752044375000000000e+05
1.752574375000000000e+05
1.752990468750000000e+05
1.753196250000000000e+05
1.753702656250000000e+05
1.754387187500000000e+05
1.754856093750000000e+05
1.755082187500000000e+05
1.755408437500000000e+05
1.756540156250000000e+05
1.757042187500000000e+05
1.757242656250000000e+05
1.757784062500000000e+05
1.758328125000000000e+05
1.758542031250000000e+05
1.758953593750000000e+05
1.759190000000000000e+05
1.759365156250000000e+05
1.759544062500000000e+05
1.759711250000000000e+05
1.759892968750000000e+05
1.760182656250000000e+05
1.761030156250000000e+05
1.740867343750000000e+05
1.741972343750000000e+05
1.742515000000000000e+05
1.742831406250000000e+05
1.743678437500000000e+05
1.743875468750000000e+05
1.744040312500000000e+05
1.744406093750000000e+05
1.745018750000000000e+05
1.745356718750000000e+05
1.745684218750000000e+05
1.746449531250000000e+05
1.747170781250000000e+05
1.747747812500000000e+05
1.747928125000000000e+05
1.748314062500000000e+05
1.748963281250000000e+05
1.749296718750000000e+05
1.749635000000000000e+05
1.749895937500000000e+05
1.750033750000000000e+05
1.750548750000000000e+05
1.751550156250000000e+05
1.752433593750000000e+05
1.756133906250000000e+05
1.758747500000000000e+05
1.762044843750000000e+05
1.740813125000000000e+05
1.741666093750000000e+05
1.742107656250000000e+05
1.742253125000000000e+05
1.742438750000000000e+05
1.742580625000000000e+05
1.743074062500000000e+05
1.743265781250000000e+05
1.743467031250000000e+05
1.743682031250000000e+05
1.744227500000000000e+05
1.744804843750000000e+05
1.745169531250000000e+05
1.745312187500000000e+05
1.745439062500000000e+05
1.745756093750000000e+05
1.745941562500000000e+05
1.746584531250000000e+05
1.746728437500000000e+05
1.747028750000000000e+05
1.747229531250000000e+05
1.747817500000000000e+05
1.748167812500000000e+05
1.748737343750000000e+05
1.749276250000000000e+05
1.749427500000000000e+05
1.749691406250000000e+05
1.749814687500000000e+05
1.750192500000000000e+05
1.750544062500000000e+05
1.751729375000000000e+05
1.753411718750000000e+05
1.754675312500000000e+05
1.755944531250000000e+05
1.756594531250000000e+05
1.757548125000000000e+05
1.759266093750000000e+05
1.760937187500000000e+05
1.740654531250000000e+05
1.740784375000000000e+05
1.740910156250000000e+05
1.741132812500000000e+05
1.741264687500000000e+05
1.741468593750000000e+05
1.741659687500000000e+05
1.741834843750000000e+05
1.741993281250000000e+05
1.742098125000000000e+05
1.742244843750000000e+05
1.742345937500000000e+05
1.742464687500000000e+05
1.742623125000000000e+05
1.742782968750000000e+05
1.742956718750000000e+05
1.743152031250000000e+05
1.743308437500000000e+05
1.743551250000000000e+05
1.743754062500000000e+05
1.743942031250000000e+05
1.744132031250000000e+05
1.744301093750000000e+05
1.744542343750000000e+05
1.744685000000000000e+05
1.744918750000000000e+05
1.745113906250000000e+05
1.745290625000000000e+05
1.745461093750000000e+05
1.745632343750000000e+05
1.745730312500000000e+05
1.745850312500000000e+05
1.745982656250000000e+05
1.746321562500000000e+05
1.746556718750000000e+05
1.746655312500000000e+05
1.746847031250000000e+05
1.747031718750000000e+05
1.747167812500000000e+05
1.747286718750000000e+05
1.747433437500000000e+05
1.747620468750000000e+05
1.747806093750000000e+05
1.747926718750000000e+05
1.748095468750000000e+05
1.748222656250000000e+05
1.748363750000000000e+05
1.748548437500000000e+05
1.748671875000000000e+05
1.748820000000000000e+05
1.748974375000000000e+05
1.749058906250000000e+05
1.749240468750000000e+05
1.749343750000000000e+05
1.749521250000000000e+05
1.749685937500000000e+05
1.749820468750000000e+05
1.749933593750000000e+05
1.750125937500000000e+05
1.750248125000000000e+05
1.750423750000000000e+05
1.751276250000000000e+05
1.751650000000000000e+05
1.751889531250000000e+05
1.752318125000000000e+05
1.752613125000000000e+05
1.753124843750000000e+05
1.753630937500000000e+05
1.754353281250000000e+05
1.754591562500000000e+05
1.754893593750000000e+05
1.755523437500000000e+05
1.756193125000000000e+05
1.756678593750000000e+05
1.756971875000000000e+05
1.757669375000000000e+05
1.757984375000000000e+05
1.758473437500000000e+05
1.758857187500000000e+05
1.759186093750000000e+05
1.759415937500000000e+05
1.759811718750000000e+05
1.760136093750000000e+05
1.760542812500000000e+05
1.760863906250000000e+05
1.741022656250000000e+05
1.741119375000000000e+05
1.741262812500000000e+05
1.741450156250000000e+05
1.741537812500000000e+05
1.741728906250000000e+05
1.741872031250000000e+05
1.742072968750000000e+05
1.742205468750000000e+05
1.742378281250000000e+05
1.742486875000000000e+05
1.742658125000000000e+05
1.742743750000000000e+05
1.742837343750000000e+05
1.742960468750000000e+05
1.743102187500000000e+05
1.743247343750000000e+05
1.743353593750000000e+05
1.743609843750000000e+05
1.743712187500000000e+05
1.743892968750000000e+05
1.743978281250000000e+05
1.744053125000000000e+05
1.744125312500000000e+05
1.744332031250000000e+05
1.744468125000000000e+05
1.744678750000000000e+05
1.744865000000000000e+05
1.745231875000000000e+05
1.745429843750000000e+05
1.745548593750000000e+05
1.745647656250000000e+05
1.745792812500000000e+05
1.745915156250000000e+05
1.746084375000000000e+05
1.746231093750000000e+05
1.746385000000000000e+05
1.746543437500000000e+05
1.746743906250000000e+05
1.746896562500000000e+05
1.747036406250000000e+05
1.747127500000000000e+05
1.747329062500000000e+05
1.747451562500000000e+05
1.747589375000000000e+05
1.747770312500000000e+05
1.747907656250000000e+05
1.748104531250000000e+05
1.748246875000000000e+05
1.748481250000000000e+05
1.748684218750000000e+05
1.748883593750000000e+05
1.749062968750000000e+05
1.749225781250000000e+05
1.749325468750000000e+05
1.749471875000000000e+05
1.749602812500000000e+05
1.749680312500000000e+05
1.749823437500000000e+05
1.749911718750000000e+05
1.749991406250000000e+05
1.750106875000000000e+05
1.750247500000000000e+05
1.750391562500000000e+05
1.750498437500000000e+05
1.750672656250000000e+05
1.751136718750000000e+05
1.751439687500000000e+05
1.751670468750000000e+05
1.751895000000000000e+05
1.752212968750000000e+05
1.752459218750000000e+05
1.753182031250000000e+05
1.753698750000000000e+05
1.754134531250000000e+05
1.754458281250000000e+05
1.755244843750000000e+05
1.755452187500000000e+05
1.755735312500000000e+05
1.756106562500000000e+05
1.756526875000000000e+05
1.757186718750000000e+05
1.757485312500000000e+05
1.757777031250000000e+05
1.758678593750000000e+05
1.759764531250000000e+05
1.760046406250000000e+05
1.760289687500000000e+05
1.760620468750000000e+05
1.740767968750000000e+05
1.740992031250000000e+05
1.741138281250000000e+05
1.741306562500000000e+05
1.741431093750000000e+05
1.741555937500000000e+05
1.741708125000000000e+05
1.741796875000000000e+05
1.741869375000000000e+05
1.742006562500000000e+05
1.742075312500000000e+05
1.742135156250000000e+05
1.742196093750000000e+05
1.742335000000000000e+05
1.742418125000000000e+05
1.742483281250000000e+05
1.742662812500000000e+05
1.742733281250000000e+05
1.742909687500000000e+05
1.742974687500000000e+05
1.743033437500000000e+05
1.743108437500000000e+05
1.743182812500000000e+05
1.743251562500000000e+05
1.743316250000000000e+05
1.743459843750000000e+05
1.743614375000000000e+05
1.743702343750000000e+05
1.743864218750000000e+05
1.743948437500000000e+05
1.744119531250000000e+05
1.744237500000000000e+05
1.744396718750000000e+05
1.744563593750000000e+05
1.744638437500000000e+05
1.744761718750000000e+05
1.744902031250000000e+05
1.745004375000000000e+05
1.745078593750000000e+05
1.745145312500000000e+05
1.745206250000000000e+05
1.745265625000000000e+05
1.745329218750000000e+05
1.745391718750000000e+05
1.745485625000000000e+05
1.745601250000000000e+05
1.745708437500000000e+05
1.745810781250000000e+05
1.745878125000000000e+05
1.745952968750000000e+05
1.746100468750000000e+05
1.746271562500000000e+05
1.746428750000000000e+05
1.746524843750000000e+05
1.746600468750000000e+05
1.746702968750000000e+05
1.746786093750000000e+05
1.746856406250000000e+05
1.746922343750000000e+05
1.747046406250000000e+05
1.747125937500000000e+05
1.747261093750000000e+05
1.747343281250000000e+05
1.747474062500000000e+05
1.747615937500000000e+05
1.747684687500000000e+05
1.747822968750000000e+05
1.747907343750000000e+05
1.747983281250000000e+05
1.748060625000000000e+05
1.748278125000000000e+05
1.748402343750000000e+05
1.748490312500000000e+05
1.748606093750000000e+05
1.748715937500000000e+05
1.748856406250000000e+05
1.748954687500000000e+05
1.749046250000000000e+05
1.749136093750000000e+05
1.749270312500000000e+05
1.749335156250000000e+05
1.749401406250000000e+05
1.749492968750000000e+05
1.749574062500000000e+05
1.749696093750000000e+05
1.749777031250000000e+05
1.749937343750000000e+05
1.750027968750000000e+05
1.750164062500000000e+05
1.750260625000000000e+05
1.750335156250000000e+05
1.750450312500000000e+05
1.750718593750000000e+05
1.751127500000000000e+05
1.751384062500000000e+05
1.751619218750000000e+05
1.752002187500000000e+05
1.752383281250000000e+05
1.752769062500000000e+05
1.753138281250000000e+05
1.753358750000000000e+05
1.753668750000000000e+05
1.754078593750000000e+05
1.754433281250000000e+05
1.754613593750000000e+05
1.755034843750000000e+05
1.755240781250000000e+05
1.755566718750000000e+05
1.756143437500000000e+05
1.756528437500000000e+05
1.756972031250000000e+05
1.757226562500000000e+05
1.757499843750000000e+05
1.758052187500000000e+05
1.758314843750000000e+05
1.758563437500000000e+05
1.758914062500000000e+05
1.759366250000000000e+05
1.759555468750000000e+05
1.759964843750000000e+05
1.760437812500000000e+05
1.760706406250000000e+05
1.761637187500000000e+05
1.740958906250000000e+05
1.741646093750000000e+05
1.742198906250000000e+05
1.742600000000000000e+05
1.743356718750000000e+05
1.743614531250000000e+05
1.743995468750000000e+05
1.744427187500000000e+05
1.744794531250000000e+05
1.745257500000000000e+05
1.745621093750000000e+05
1.745961562500000000e+05
1.746214531250000000e+05
1.746641406250000000e+05
1.747172812500000000e+05
1.747372812500000000e+05
1.748362343750000000e+05
1.748782968750000000e+05
1.749398437500000000e+05
1.750175000000000000e+05
1.751425468750000000e+05
1.753237968750000000e+05
1.754391093750000000e+05
1.755139843750000000e+05
1.757322343750000000e+05
1.759279531250000000e+05
1.759603281250000000e+05
1.741061718750000000e+05
1.741305937500000000e+05
1.741466250000000000e+05
1.741733281250000000e+05
1.742065781250000000e+05
1.742262031250000000e+05
1.742410312500000000e+05
1.742686093750000000e+05
1.742934375000000000e+05
1.743091875000000000e+05
1.743263593750000000e+05
1.743532812500000000e+05
1.743712812500000000e+05
1.744008906250000000e+05
1.744433281250000000e+05
1.744606406250000000e+05
1.744849375000000000e+05
1.745130781250000000e+05
1.745205937500000000e+05
1.745486093750000000e+05
1.745822187500000000e+05
1.746068906250000000e+05
1.746373125000000000e+05
1.746638750000000000e+05
1.746726718750000000e+05
1.746980937500000000e+05
1.747099375000000000e+05
1.747336250000000000e+05
1.747608750000000000e+05
1.747832656250000000e+05
1.747937187500000000e+05
1.748181875000000000e+05
1.748458750000000000e+05
1.748703125000000000e+05
1.748907187500000000e+05
1.749271406250000000e+05
1.749564375000000000e+05
1.749783750000000000e+05
1.749938593750000000e+05
1.750100156250000000e+05
1.750390312500000000e+05
1.751399062500000000e+05
1.752910312500000000e+05
1.753234843750000000e+05
1.754413437500000000e+05
1.754732187500000000e+05
1.755072812500000000e+05
1.755515781250000000e+05
1.756761250000000000e+05
1.757090781250000000e+05
1.758411562500000000e+05
1.758659375000000000e+05
1.759285312500000000e+05
1.759850937500000000e+05
1.760372968750000000e+05
1.760912031250000000e+05
1.741258437500000000e+05
1.741430468750000000e+05
1.741653593750000000e+05
1.741889687500000000e+05
1.742049531250000000e+05
1.742250625000000000e+05
1.742507656250000000e+05
1.742616718750000000e+05
1.742821250000000000e+05
1.742942500000000000e+05
1.743070937500000000e+05
1.743208281250000000e+05
1.743366250000000000e+05
1.743569062500000000e+05
1.743721093750000000e+05
1.743917500000000000e+05
1.744094062500000000e+05
1.744254843750000000e+05
1.744376250000000000e+05
1.744489375000000000e+05
1.744669687500000000e+05
1.744801562500000000e+05
1.744994687500000000e+05
1.745136718750000000e+05
1.745256406250000000e+05
1.745481718750000000e+05
1.745617343750000000e+05
1.745843593750000000e+05
1.745952500000000000e+05
1.746094531250000000e+05
1.746228281250000000e+05
1.746403906250000000e+05
1.746530781250000000e+05
1.746642187500000000e+05
1.747033750000000000e+05
1.747201875000000000e+05
1.747403750000000000e+05
1.747651875000000000e+05
1.747841093750000000e+05
1.748169218750000000e+05
1.748268437500000000e+05
1.748415625000000000e+05
1.748601250000000000e+05
1.748773281250000000e+05
1.748963281250000000e+05
1.749190000000000000e+05
1.749396718750000000e+05
1.749682343750000000e+05
1.749766718750000000e+05
1.749886250000000000e+05
1.750058906250000000e+05
1.750145156250000000e+05
1.750460312500000000e+05
1.751054375000000000e+05
1.751256718750000000e+05
1.751463125000000000e+05
1.752017031250000000e+05
1.752461875000000000e+05
1.753150781250000000e+05
1.754215937500000000e+05
1.754975781250000000e+05
1.755718593750000000e+05
1.756351093750000000e+05
1.756537812500000000e+05
1.756988281250000000e+05
1.757851562500000000e+05
1.758997656250000000e+05
1.759548125000000000e+05
1.759860000000000000e+05
1.760088125000000000e+05
1.760307187500000000e+05
1.760532187500000000e+05
1.760754843750000000e+05
1.760978593750000000e+05
1.761189843750000000e+05
1.740880156250000000e+05
1.741025781250000000e+05
1.741203437500000000e+05
1.741364687500000000e+05
1.741526718750000000e+05
1.741732187500000000e+05
1.741906875000000000e+05
1.742087187500000000e+05
1.742280312500000000e+05
1.742425156250000000e+05
1.742650625000000000e+05
1.742820000000000000e+05
1.743027031250000000e+05
1.743314843750000000e+05
1.743505000000000000e+05
1.743721093750000000e+05
1.743899375000000000e+05
1.744100937500000000e+05
1.744268281250000000e+05
1.744427500000000000e+05
1.744526562500000000e+05
1.744670312500000000e+05
1.744848906250000000e+05
1.744993593750000000e+05
1.745258281250000000e+05
1.745442343750000000e+05
1.745600312500000000e+05
1.745802656250000000e+05
1.745973125000000000e+05
1.746166875000000000e+05
1.746412031250000000e+05
1.746569843750000000e+05
1.746773593750000000e+05
1.746900312500000000e+05
1.747026250000000000e+05
1.747115156250000000e+05
1.747412968750000000e+05
1.747652343750000000e+05
1.747823750000000000e+05
1.747968437500000000e+05
1.748071250000000000e+05
1.748257812500000000e+05
1.748450937500000000e+05
1.748715625000000000e+05
1.749017656250000000e+05
1.749168437500000000e+05
1.749275000000000000e+05
1.749468593750000000e+05
1.749576093750000000e+05
1.749683593750000000e+05
1.749830625000000000e+05
1.750005625000000000e+05
1.750263750000000000e+05
1.750452500000000000e+05
1.751231406250000000e+05
1.751604375000000000e+05
1.751938750000000000e+05
1.752324687500000000e+05
1.752610156250000000e+05
1.753154687500000000e+05
1.753892812500000000e+05
1.754376718750000000e+05
1.755441562500000000e+05
1.756009375000000000e+05
1.756550000000000000e+05
1.757005000000000000e+05
1.757600156250000000e+05
1.757924843750000000e+05
1.758466875000000000e+05
1.758917343750000000e+05
1.759191406250000000e+05
1.759449843750000000e+05
1.759920000000000000e+05
1.760144843750000000e+05
1.760564843750000000e+05
1.740939375000000000e+05
1.741121875000000000e+05
1.741231093750000000e+05
1.741414687500000000e+05
1.741609531250000000e+05
1.741784531250000000e+05
1.741990781250000000e+05
1.742093281250000000e+05
1.742176875000000000e+05
1.742357656250000000e+05
1.742440937500000000e+05
1.742635937500000000e+05
1.742781093750000000e+05
1.742974062500000000e+05
1.743075312500000000e+05
1.743264375000000000e+05
1.743420625000000000e+05
1.743612500000000000e+05
1.743740625000000000e+05
1.743943593750000000e+05
1.744155000000000000e+05
1.744326562500000000e+05
1.744537812500000000e+05
1.744678593750000000e+05
1.744789843750000000e+05
1.744939687500000000e+05
1.745119218750000000e+05
1.745294062500000000e+05
1.745460781250000000e+05
1.745666718750000000e+05
1.745873593750000000e+05
1.746072343750000000e+05
1.746166875000000000e+05
1.746248437500000000e+05
1.746601562500000000e+05
1.746775468750000000e+05
1.746894218750000000e+05
1.747073593750000000e+05
1.747177343750000000e+05
1.747381718750000000e+05
1.747593906250000000e+05
1.747729843750000000e+05
1.747811093750000000e+05
1.748022812500000000e+05
1.748198281250000000e+05
1.748378125000000000e+05
1.748593125000000000e+05
1.748799843750000000e+05
1.748976093750000000e+05
1.749245625000000000e+05
1.749380312500000000e+05
1.749562031250000000e+05
1.749646562500000000e+05
1.749726718750000000e+05
1.749799687500000000e+05
1.749859218750000000e+05
1.749924375000000000e+05
1.749985468750000000e+05
1.750095000000000000e+05
1.750205312500000000e+05
1.750286406250000000e+05
1.750356562500000000e+05
1.750445312500000000e+05
1.750718281250000000e+05
1.750985625000000000e+05
1.751316562500000000e+05
1.751672031250000000e+05
1.752092812500000000e+05
1.752432656250000000e+05
1.752945000000000000e+05
1.753452187500000000e+05
1.754443593750000000e+05
1.754695625000000000e+05
1.754901093750000000e+05
1.755255000000000000e+05
1.755636093750000000e+05
1.756294375000000000e+05
1.756646718750000000e+05
1.757087812500000000e+05
1.757384375000000000e+05
1.757670625000000000e+05
1.757977187500000000e+05
1.758322500000000000e+05
1.758683906250000000e+05
1.759027343750000000e+05
1.759329375000000000e+05
1.759640156250000000e+05
1.759936093750000000e+05
1.760525468750000000e+05
1.760815468750000000e+05
1.761246406250000000e+05
1.741041093750000000e+05
1.741206093750000000e+05
1.741384687500000000e+05
1.741540000000000000e+05
1.741750156250000000e+05
1.741890625000000000e+05
1.742127031250000000e+05
1.742396562500000000e+05
1.742561406250000000e+05
1.742775312500000000e+05
1.742995156250000000e+05
1.743178125000000000e+05
1.743371562500000000e+05
1.743555156250000000e+05
1.743737187500000000e+05
1.743946093750000000e+05
1.744115312500000000e+05
1.744292500000000000e+05
1.744450312500000000e+05
1.744742187500000000e+05
1.744919687500000000e+05
1.745076718750000000e+05
1.745303593750000000e+05
1.745431875000000000e+05
1.745575312500000000e+05
1.745692187500000000e+05
1.745854218750000000e+05
1.746240937500000000e+05
1.746372968750000000e+05
1.746577812500000000e+05
1.746858281250000000e+05
1.747130468750000000e+05
1.747333593750000000e+05
1.747557656250000000e+05
1.747797812500000000e+05
1.747991718750000000e+05
1.748154062500000000e+05
1.748302500000000000e+05
1.748483906250000000e+05
1.748582812500000000e+05
1.748764687500000000e+05
1.748965468750000000e+05
1.749145156250000000e+05
1.749357812500000000e+05
1.749991875000000000e+05
1.750379375000000000e+05
1.752393750000000000e+05
1.752932656250000000e+05
1.753450156250000000e+05
1.754040156250000000e+05
1.755464687500000000e+05
1.756505312500000000e+05
1.758748750000000000e+05
1.759854687500000000e+05
1.740793906250000000e+05
1.741260156250000000e+05
1.741578125000000000e+05
1.741787812500000000e+05
1.742288125000000000e+05
1.742477187500000000e+05
1.742968281250000000e+05
1.743467343750000000e+05
1.744565156250000000e+05
1.744827187500000000e+05
1.745232343750000000e+05
1.745358593750000000e+05
1.745725625000000000e+05
1.746227656250000000e+05
1.746400156250000000e+05
1.746490625000000000e+05
1.746714687500000000e+05
1.746935156250000000e+05
1.747117343750000000e+05
1.747758437500000000e+05
1.747966718750000000e+05
1.748290312500000000e+05
1.748519687500000000e+05
1.748868125000000000e+05
1.749677343750000000e+05
1.750231718750000000e+05
1.752466093750000000e+05
1.754458750000000000e+05
1.758064375000000000e+05
1.758669843750000000e+05
1.758985625000000000e+05
1.759205312500000000e+05
1.740757968750000000e+05
1.740993906250000000e+05
1.741214062500000000e+05
1.741399843750000000e+05
1.741614531250000000e+05
1.741805781250000000e+05
1.742135781250000000e+05
1.742419062500000000e+05
1.742722500000000000e+05
1.742991562500000000e+05
1.743220937500000000e+05
1.743798750000000000e+05
1.743995156250000000e+05
1.744555000000000000e+05
1.744782656250000000e+05
1.745204062500000000e+05
1.745387812500000000e+05
1.745856250000000000e+05
1.746648593750000000e+05
1.747173593750000000e+05
1.747483437500000000e+05
1.748064375000000000e+05
1.748269531250000000e+05
1.748571250000000000e+05
1.748842187500000000e+05
1.749071406250000000e+05
1.750155468750000000e+05
1.750339062500000000e+05
1.751354531250000000e+05
1.753551562500000000e+05
1.754475000000000000e+05
1.756427812500000000e+05
1.758842656250000000e+05
1.759783750000000000e+05
1.760659843750000000e+05
1.740731562500000000e+05
1.740959687500000000e+05
1.741159687500000000e+05
1.741270000000000000e+05
1.741439843750000000e+05
1.741552500000000000e+05
1.741810625000000000e+05
1.742187500000000000e+05
1.742483906250000000e+05
1.742724062500000000e+05
1.743302343750000000e+05
1.743642187500000000e+05
1.743925937500000000e+05
1.744063593750000000e+05
1.744218437500000000e+05
1.744402812500000000e+05
1.744596093750000000e+05
1.744762812500000000e+05
1.744856562500000000e+05
1.745400625000000000e+05
1.745618125000000000e+05
1.745929687500000000e+05
1.746044687500000000e+05
1.746263593750000000e+05
1.746608593750000000e+05
1.746914843750000000e+05
1.747114843750000000e+05
1.747296875000000000e+05
1.747466875000000000e+05
1.747672812500000000e+05
1.748024843750000000e+05
1.748115156250000000e+05
1.748291406250000000e+05
1.748432031250000000e+05
1.748715468750000000e+05
1.748888593750000000e+05
1.749126250000000000e+05
1.749354218750000000e+05
1.749756562500000000e+05
1.750064375000000000e+05
1.750285781250000000e+05
1.750398593750000000e+05
1.750504843750000000e+05
1.750654843750000000e+05
1.751557968750000000e+05
1.752049531250000000e+05
1.752358437500000000e+05
1.752664375000000000e+05
1.753399375000000000e+05
1.754017656250000000e+05
1.754636406250000000e+05
1.755272656250000000e+05
1.755534687500000000e+05
1.756556875000000000e+05
1.757323593750000000e+05
1.757600312500000000e+05
1.758502343750000000e+05
1.758922031250000000e+05
1.759524375000000000e+05
1.759895468750000000e+05
1.760190000000000000e+05
1.760762500000000000e+05
1.740882968750000000e+05
1.741075156250000000e+05
1.741145625000000000e+05
1.741206406250000000e+05
1.741258906250000000e+05
1.741306875000000000e+05
1.741366875000000000e+05
1.741431718750000000e+05
1.741496718750000000e+05
1.741763281250000000e+05
1.741983750000000000e+05
1.742063437500000000e+05
1.742126562500000000e+05
1.742186093750000000e+05
1.742389531250000000e+05
1.742487500000000000e+05
1.742629531250000000e+05
1.742720000000000000e+05
1.742794531250000000e+05
1.742962187500000000e+05
1.743030468750000000e+05
1.743135625000000000e+05
1.743272187500000000e+05
1.743362343750000000e+05
1.743491093750000000e+05
1.743579843750000000e+05
1.743651875000000000e+05
1.743794531250000000e+05
1.743868750000000000e+05
1.743931718750000000e+05
1.743990468750000000e+05
1.744041250000000000e+05
1.744092343750000000e+05
1.744145000000000000e+05
1.744306093750000000e+05
1.744398125000000000e+05
1.744472812500000000e+05
1.744558125000000000e+05
1.744620937500000000e+05
1.744683593750000000e+05
1.744744531250000000e+05
1.744803906250000000e+05
1.744854687500000000e+05
1.744952500000000000e+05
1.745066093750000000e+05
1.745223593750000000e+05
1.745318281250000000e+05
1.745377968750000000e+05
1.745486250000000000e+05
1.745573281250000000e+05
1.745639687500000000e+05
1.745707343750000000e+05
1.745761093750000000e+05
1.745822656250000000e+05
1.745878281250000000e+05
1.745928906250000000e+05
1.745984531250000000e+05
1.746177656250000000e+05
1.746256718750000000e+05
1.746367500000000000e+05
1.746454375000000000e+05
1.746522343750000000e+05
1.746587500000000000e+05
1.746657812500000000e+05
1.746843593750000000e+05
1.746916093750000000e+05
1.746987812500000000e+05
1.747049843750000000e+05
1.747106406250000000e+05
1.747157031250000000e+05
1.747268750000000000e+05
1.747345468750000000e+05
1.747420781250000000e+05
1.747487343750000000e+05
1.747550937500000000e+05
1.747607656250000000e+05
1.747791718750000000e+05
1.747864218750000000e+05
1.747923437500000000e+05
1.747982812500000000e+05
1.748044531250000000e+05
1.748114687500000000e+05
1.748252500000000000e+05
1.748336093750000000e+05
1.748407968750000000e+05
1.748486875000000000e+05
1.748544687500000000e+05
1.748610156250000000e+05
1.748668125000000000e+05
1.748828593750000000e+05
1.748908750000000000e+05
1.748979218750000000e+05
1.749031562500000000e+05
1.749090937500000000e+05
1.749138593750000000e+05
1.749187187500000000e+05
1.749249531250000000e+05
1.749311562500000000e+05
1.749452656250000000e+05
1.749537031250000000e+05
1.749611875000000000e+05
1.749683125000000000e+05
1.749738906250000000e+05
1.749789531250000000e+05
1.749835625000000000e+05
1.749887968750000000e+05
1.749941718750000000e+05
1.750006875000000000e+05
1.750066875000000000e+05
1.750116562500000000e+05
1.750170625000000000e+05
1.750226875000000000e+05
1.750282343750000000e+05
1.750349531250000000e+05
1.750407968750000000e+05
1.750475781250000000e+05
1.750560156250000000e+05
1.750665937500000000e+05
1.750815312500000000e+05
1.751018437500000000e+05
1.751254062500000000e+05
1.751476718750000000e+05
1.751662500000000000e+05
1.751899062500000000e+05
1.752122656250000000e+05
1.752457031250000000e+05
1.752591406250000000e+05
1.753108593750000000e+05
1.753599062500000000e+05
1.754002343750000000e+05
1.754284375000000000e+05
1.755311250000000000e+05
1.755573125000000000e+05
1.755798750000000000e+05
1.756144218750000000e+05
1.756431406250000000e+05
1.757028125000000000e+05
1.757253125000000000e+05
1.757433906250000000e+05
1.757598281250000000e+05
1.757903125000000000e+05
1.758219218750000000e+05
1.758544687500000000e+05
1.758811093750000000e+05
1.759004843750000000e+05
1.759158750000000000e+05
1.759352500000000000e+05
1.759512812500000000e+05
1.759715156250000000e+05
1.759891093750000000e+05
1.760055312500000000e+05
1.760282656250000000e+05
1.760508906250000000e+05
1.760849843750000000e+05
1.741157968750000000e+05
1.741905625000000000e+05
1.742420000000000000e+05
1.743282031250000000e+05
1.743678437500000000e+05
1.744164375000000000e+05
1.744670625000000000e+05
1.745597968750000000e+05
1.745861562500000000e+05
1.746088593750000000e+05
1.746533593750000000e+05
1.747104218750000000e+05
1.747362343750000000e+05
1.747600468750000000e+05
1.747966406250000000e+05
1.748283906250000000e+05
1.748963125000000000e+05
1.749439531250000000e+05
1.749675468750000000e+05
1.750008281250000000e+05
1.750565625000000000e+05
1.754454531250000000e+05
1.756553125000000000e+05
1.758548437500000000e+05
1.761029531250000000e+05
1.740803125000000000e+05
1.741069687500000000e+05
1.741372968750000000e+05
1.741766875000000000e+05
1.742904531250000000e+05
1.744123437500000000e+05
1.744698125000000000e+05
1.746139218750000000e+05
1.747486875000000000e+05
1.747820468750000000e+05
1.748122031250000000e+05
1.749921093750000000e+05
1.750233125000000000e+05
1.750416093750000000e+05
1.751351406250000000e+05
1.753585468750000000e+05
1.754579218750000000e+05
1.756551718750000000e+05
1.759422500000000000e+05
1.687608125000000000e+05
1.740951875000000000e+05
1.741154375000000000e+05
1.741265468750000000e+05
1.741445000000000000e+05
1.741554531250000000e+05
1.741796875000000000e+05
1.741885000000000000e+05
1.741990781250000000e+05
1.742085625000000000e+05
1.742184531250000000e+05
1.742262812500000000e+05
1.742350468750000000e+05
1.742427968750000000e+05
1.742506718750000000e+05
1.742605781250000000e+05
1.742682968750000000e+05
1.742769843750000000e+05
1.742844687500000000e+05
1.742922343750000000e+05
1.743004375000000000e+05
1.743077343750000000e+05
1.743158437500000000e+05
1.743244218750000000e+05
1.743331406250000000e+05
1.743415937500000000e+05
1.743493437500000000e+05
1.743584375000000000e+05
1.743666406250000000e+05
1.743744062500000000e+05
1.743822500000000000e+05
1.743909218750000000e+05
1.743999062500000000e+05
1.744080625000000000e+05
1.744166718750000000e+05
1.744241250000000000e+05
1.744318593750000000e+05
1.744404218750000000e+05
1.744490468750000000e+05
1.744580000000000000e+05
1.744665468750000000e+05
1.744765625000000000e+05
1.744840156250000000e+05
1.744921406250000000e+05
1.745000468750000000e+05
1.745083437500000000e+05
1.745183437500000000e+05
1.745294218750000000e+05
1.745390625000000000e+05
1.745473281250000000e+05
1.745558437500000000e+05
1.745656093750000000e+05
1.745742500000000000e+05
1.745820156250000000e+05
1.745913125000000000e+05
1.746004375000000000e+05
1.746127187500000000e+05
1.746218750000000000e+05
1.746292500000000000e+05
1.746375781250000000e+05
1.746463281250000000e+05
1.746543750000000000e+05
1.746625468750000000e+05
1.746695468750000000e+05
1.746770625000000000e+05
1.746862343750000000e+05
1.746974843750000000e+05
1.747074375000000000e+05
1.747166250000000000e+05
1.747254531250000000e+05
1.747336562500000000e+05
1.747421093750000000e+05
1.747502968750000000e+05
1.747574062500000000e+05
1.747640468750000000e+05
1.747713281250000000e+05
1.747793437500000000e+05
1.747876875000000000e+05
1.747975312500000000e+05
1.748072812500000000e+05
1.748167343750000000e+05
1.748248437500000000e+05
1.748342187500000000e+05
1.748429062500000000e+05
1.748519218750000000e+05
1.748605625000000000e+05
1.748708125000000000e+05
1.748792187500000000e+05
1.748862031250000000e+05
1.748948281250000000e+05
1.749038750000000000e+05
1.749125468750000000e+05
1.749217500000000000e+05
1.749302343750000000e+05
1.749378281250000000e+05
1.749444375000000000e+05
1.749510937500000000e+05
1.749591093750000000e+05
1.749664375000000000e+05
1.749731406250000000e+05
1.749805781250000000e+05
1.749882343750000000e+05
1.749967656250000000e+05
1.750058281250000000e+05
1.750150468750000000e+05
1.750262812500000000e+05
1.750364531250000000e+05
1.750454218750000000e+05
1.750572812500000000e+05
1.750746562500000000e+05
1.751052343750000000e+05
1.751363906250000000e+05
1.751608906250000000e+05
1.751828281250000000e+05
1.752035937500000000e+05
1.752236562500000000e+05
1.752483437500000000e+05
1.752652031250000000e+05
1.752904218750000000e+05
1.753197968750000000e+05
1.753412343750000000e+05
1.753662500000000000e+05
1.754065000000000000e+05
1.754323593750000000e+05
1.754532500000000000e+05
1.754758281250000000e+05
1.754988281250000000e+05
1.755250625000000000e+05
1.755510468750000000e+05
1.755726875000000000e+05
1.755992500000000000e+05
1.756459531250000000e+05
1.756710937500000000e+05
1.756955781250000000e+05
1.757276562500000000e+05
1.757566093750000000e+05
1.757827812500000000e+05
1.758098125000000000e+05
1.758387500000000000e+05
1.758707031250000000e+05
1.758918906250000000e+05
1.759152656250000000e+05
1.759413437500000000e+05
1.759660937500000000e+05
1.759922968750000000e+05
1.760148750000000000e+05
1.760466562500000000e+05
1.760781718750000000e+05
1.740857343750000000e+05
1.741750468750000000e+05
1.742346718750000000e+05
1.743050937500000000e+05
1.743510625000000000e+05
1.744325937500000000e+05
1.745410625000000000e+05
1.746300156250000000e+05
1.747157187500000000e+05
1.748171406250000000e+05
1.748503593750000000e+05
1.749838906250000000e+05
1.750882343750000000e+05
1.753373750000000000e+05
1.755000781250000000e+05
1.755407500000000000e+05
1.757232656250000000e+05
1.741865468750000000e+05
1.743741562500000000e+05
1.743938437500000000e+05
1.744604843750000000e+05
1.745278437500000000e+05
1.745780625000000000e+05
1.746781875000000000e+05
1.747958437500000000e+05
1.748439062500000000e+05
1.748729687500000000e+05
1.749321562500000000e+05
1.749803593750000000e+05
1.750459218750000000e+05
1.751504531250000000e+05
1.752252812500000000e+05
1.753430781250000000e+05
1.756579375000000000e+05
1.740809687500000000e+05
1.740943437500000000e+05
1.741170781250000000e+05
1.741252656250000000e+05
1.741392812500000000e+05
1.741518906250000000e+05
1.741716718750000000e+05
1.741835625000000000e+05
1.741926718750000000e+05
1.742006250000000000e+05
1.742127656250000000e+05
1.742195781250000000e+05
1.742258593750000000e+05
1.742454218750000000e+05
1.742516718750000000e+05
1.742612812500000000e+05
1.742685312500000000e+05
1.742743593750000000e+05
1.742802031250000000e+05
1.742909062500000000e+05
1.742992031250000000e+05
1.743053593750000000e+05
1.743220781250000000e+05
1.743300312500000000e+05
1.743467656250000000e+05
1.743547656250000000e+05
1.743611562500000000e+05
1.743675625000000000e+05
1.743734375000000000e+05
1.743804375000000000e+05
1.743905156250000000e+05
1.743982343750000000e+05
1.744053281250000000e+05
1.744121562500000000e+05
1.744240937500000000e+05
1.744334843750000000e+05
1.744510937500000000e+05
1.744653906250000000e+05
1.744736718750000000e+05
1.744807343750000000e+05
1.744872656250000000e+05
1.744926718750000000e+05
1.745055156250000000e+05
1.745129375000000000e+05
1.745292968750000000e+05
1.745368750000000000e+05
1.745521718750000000e+05
1.745604218750000000e+05
1.745706875000000000e+05
1.745815625000000000e+05
1.745881406250000000e+05
1.745934375000000000e+05
1.746022343750000000e+05
1.746126718750000000e+05
1.746201875000000000e+05
1.746458750000000000e+05
1.746578906250000000e+05
1.746647812500000000e+05
1.746802187500000000e+05
1.746992500000000000e+05
1.747116562500000000e+05
1.747184687500000000e+05
1.747246562500000000e+05
1.747377500000000000e+05
1.747452500000000000e+05
1.747530937500000000e+05
1.747594687500000000e+05
1.747725000000000000e+05
1.747805781250000000e+05
1.747920468750000000e+05
1.747994218750000000e+05
1.748128437500000000e+05
1.748195781250000000e+05
1.748317812500000000e+05
1.748383281250000000e+05
1.748532031250000000e+05
1.748603593750000000e+05
1.748729531250000000e+05
1.748822812500000000e+05
1.748889531250000000e+05
1.748946093750000000e+05
1.748996718750000000e+05
1.749045156250000000e+05
1.749093593750000000e+05
1.749145625000000000e+05
1.749201250000000000e+05
1.749262656250000000e+05
1.749318906250000000e+05
1.749465937500000000e+05
1.749554687500000000e+05
1.749615468750000000e+05
1.749695000000000000e+05
1.749799375000000000e+05
1.749854062500000000e+05
1.749961562500000000e+05
1.750038750000000000e+05
1.750103437500000000e+05
1.750233750000000000e+05
1.750312187500000000e+05
1.750425000000000000e+05
1.750511250000000000e+05
1.750608281250000000e+05
1.750731875000000000e+05
1.750873906250000000e+05
1.751060625000000000e+05
1.751268437500000000e+05
1.751466875000000000e+05
1.751644375000000000e+05
1.751844375000000000e+05
1.752326875000000000e+05
1.752535312500000000e+05
1.752770312500000000e+05
1.753092968750000000e+05
1.753271562500000000e+05
1.753411562500000000e+05
1.753588593750000000e+05
1.753892812500000000e+05
1.754375468750000000e+05
1.754527031250000000e+05
1.754697812500000000e+05
1.754841875000000000e+05
1.755045937500000000e+05
1.755253750000000000e+05
1.755433125000000000e+05
1.755605781250000000e+05
1.755789687500000000e+05
1.756091406250000000e+05
1.756341250000000000e+05
1.756599687500000000e+05
1.756859687500000000e+05
1.757064218750000000e+05
1.757231562500000000e+05
1.757448281250000000e+05
1.757865000000000000e+05
1.758347187500000000e+05
1.758727187500000000e+05
1.759143750000000000e+05
1.759365937500000000e+05
1.759535468750000000e+05
1.759740312500000000e+05
1.759934375000000000e+05
1.760073593750000000e+05
1.760306406250000000e+05
1.760525625000000000e+05
1.760988281250000000e+05
1.741021562500000000e+05
1.741312656250000000e+05
1.741472812500000000e+05
1.741771250000000000e+05
1.741986093750000000e+05
1.742105468750000000e+05
1.742375625000000000e+05
1.742519687500000000e+05
1.742686718750000000e+05
1.742910000000000000e+05
1.743002500000000000e+05
1.743173125000000000e+05
1.743501718750000000e+05
1.743827968750000000e+05
1.744032500000000000e+05
1.744240781250000000e+05
1.744495781250000000e+05
1.744601406250000000e+05
1.744852656250000000e+05
1.745159687500000000e+05
1.745532812500000000e+05
1.745695781250000000e+05
1.745853593750000000e+05
1.745971406250000000e+05
1.746292968750000000e+05
1.746564687500000000e+05
1.746737343750000000e+05
1.746993281250000000e+05
1.747183281250000000e+05
1.747653750000000000e+05
1.747918125000000000e+05
1.748155468750000000e+05
1.748472343750000000e+05
1.748752343750000000e+05
1.748961562500000000e+05
1.749095937500000000e+05
1.749408125000000000e+05
1.749701718750000000e+05
1.750072656250000000e+05
1.750461093750000000e+05
1.751161562500000000e+05
1.751624531250000000e+05
1.752429531250000000e+05
1.753185156250000000e+05
1.754415937500000000e+05
1.756522343750000000e+05
1.757009218750000000e+05
1.758040156250000000e+05
1.758377968750000000e+05
1.758948906250000000e+05
1.760693281250000000e+05
1.741125937500000000e+05
1.743548593750000000e+05
1.743895000000000000e+05
1.745385781250000000e+05
1.746536250000000000e+05
1.749287031250000000e+05
1.750020156250000000e+05
1.750609843750000000e+05
1.740793593750000000e+05
1.741221406250000000e+05
1.741434531250000000e+05
1.741800000000000000e+05
1.742058437500000000e+05
1.742149843750000000e+05
1.742389843750000000e+05
1.742668906250000000e+05
1.742757500000000000e+05
1.743108593750000000e+05
1.743435937500000000e+05
1.743607656250000000e+05
1.743800625000000000e+05
1.744069062500000000e+05
1.744363281250000000e+05
1.744577031250000000e+05
1.744800625000000000e+05
1.745097656250000000e+05
1.745178906250000000e+05
1.745358593750000000e+05
1.745425937500000000e+05
1.745649062500000000e+05
1.745827343750000000e+05
1.745947812500000000e+05
1.746149218750000000e+05
1.746269218750000000e+05
1.746576093750000000e+05
1.746713593750000000e+05
1.746961250000000000e+05
1.747052187500000000e+05
1.747275625000000000e+05
1.747426718750000000e+05
1.747886093750000000e+05
1.747999375000000000e+05
1.748108593750000000e+05
1.748490000000000000e+05
1.748630937500000000e+05
1.748847500000000000e+05
1.749088281250000000e+05
1.749266562500000000e+05
1.749343125000000000e+05
1.749488906250000000e+05
1.749577812500000000e+05
1.749740625000000000e+05
1.749852343750000000e+05
1.750041718750000000e+05
1.750209218750000000e+05
1.750375625000000000e+05
1.750874062500000000e+05
1.751412187500000000e+05
1.751836093750000000e+05
1.752278281250000000e+05
1.752492968750000000e+05
1.752994062500000000e+05
1.753204062500000000e+05
1.754171250000000000e+05
1.754945156250000000e+05
1.755242812500000000e+05
1.756067187500000000e+05
1.756376718750000000e+05
1.757107343750000000e+05
1.757291875000000000e+05
1.757766875000000000e+05
1.758133906250000000e+05
1.758400937500000000e+05
1.758765156250000000e+05
1.759367500000000000e+05
1.759545781250000000e+05
1.759732812500000000e+05
1.759954531250000000e+05
1.760238125000000000e+05
1.760742656250000000e+05
1.740912968750000000e+05
1.740997968750000000e+05
1.741062031250000000e+05
1.741124375000000000e+05
1.741185000000000000e+05
1.741247031250000000e+05
1.741310312500000000e+05
1.741376406250000000e+05
1.741453750000000000e+05
1.741521562500000000e+05
1.741584218750000000e+05
1.741655625000000000e+05
1.741716250000000000e+05
1.741774218750000000e+05
1.741836875000000000e+05
1.741899531250000000e+05
1.741955156250000000e+05
1.742014218750000000e+05
1.742069062500000000e+05
1.742126406250000000e+05
1.742183593750000000e+05
1.742250000000000000e+05
1.742320000000000000e+05
1.742390625000000000e+05
1.742471875000000000e+05
1.742535000000000000e+05
1.742596562500000000e+05
1.742662187500000000e+05
1.742727656250000000e+05
1.742792656250000000e+05
1.742860156250000000e+05
1.742918906250000000e+05
1.742976718750000000e+05
1.743037343750000000e+05
1.743109375000000000e+05
1.743186562500000000e+05
1.743260312500000000e+05
1.743323750000000000e+05
1.743384062500000000e+05
1.743440000000000000e+05
1.743507031250000000e+05
1.743584843750000000e+05
1.743653437500000000e+05
1.743717812500000000e+05
1.743774531250000000e+05
1.743836250000000000e+05
1.743907187500000000e+05
1.743964531250000000e+05
1.744018906250000000e+05
1.744075468750000000e+05
1.744133437500000000e+05
1.744185625000000000e+05
1.744240312500000000e+05
1.744293593750000000e+05
1.744355312500000000e+05
1.744421093750000000e+05
1.744485156250000000e+05
1.744565468750000000e+05
1.744630781250000000e+05
1.744689375000000000e+05
1.744750468750000000e+05
1.744811875000000000e+05
1.744875156250000000e+05
1.744943281250000000e+05
1.745004531250000000e+05
1.745075000000000000e+05
1.745133437500000000e+05
1.745191250000000000e+05
1.745253125000000000e+05
1.745323281250000000e+05
1.745392812500000000e+05
1.745442500000000000e+05
1.745493437500000000e+05
1.745550156250000000e+05
1.745620625000000000e+05
1.745683906250000000e+05
1.745749375000000000e+05
1.745831406250000000e+05
1.745907343750000000e+05
1.745986718750000000e+05
1.746072656250000000e+05
1.746148906250000000e+05
1.746219062500000000e+05
1.746292343750000000e+05
1.746368125000000000e+05
1.746440468750000000e+05
1.746525312500000000e+05
1.746604218750000000e+05
1.746676718750000000e+05
1.746748437500000000e+05
1.746805312500000000e+05
1.746860000000000000e+05
1.746917968750000000e+05
1.746982187500000000e+05
1.747043437500000000e+05
1.747112812500000000e+05
1.747182968750000000e+05
1.747245000000000000e+05
1.747312812500000000e+05
1.747388906250000000e+05
1.747462031250000000e+05
1.747538750000000000e+05
1.747603593750000000e+05
1.747660781250000000e+05
1.747720156250000000e+05
1.747781562500000000e+05
1.747840625000000000e+05
1.747904687500000000e+05
1.747963281250000000e+05
1.748021093750000000e+05
1.748089531250000000e+05
1.748149843750000000e+05
1.748205937500000000e+05
1.748263906250000000e+05
1.748325468750000000e+05
1.748381718750000000e+05
1.748444218750000000e+05
1.748510156250000000e+05
1.748574531250000000e+05
1.748640156250000000e+05
1.748700937500000000e+05
1.748764687500000000e+05
1.748822343750000000e+05
1.748880468750000000e+05
1.748935937500000000e+05
1.748992500000000000e+05
1.749053750000000000e+05
1.749123593750000000e+05
1.749189531250000000e+05
1.749255468750000000e+05
1.749316875000000000e+05
1.749371250000000000e+05
1.749433437500000000e+05
1.749502187500000000e+05
1.749572968750000000e+05
1.749642968750000000e+05
1.749716718750000000e+05
1.749797656250000000e+05
1.749872656250000000e+05
1.749948906250000000e+05
1.750006250000000000e+05
1.750062656250000000e+05
1.750117343750000000e+05
1.750176250000000000e+05
1.750242968750000000e+05
1.750322812500000000e+05
1.750416406250000000e+05
1.750509218750000000e+05
1.750642656250000000e+05
1.750862968750000000e+05
1.751140312500000000e+05
1.751405781250000000e+05
1.751605156250000000e+05
1.751844218750000000e+05
1.752016875000000000e+05
1.752244218750000000e+05
1.752517343750000000e+05
1.752705781250000000e+05
1.752970312500000000e+05
1.753257812500000000e+05
1.753435000000000000e+05
1.753695468750000000e+05
1.754171093750000000e+05
1.754389843750000000e+05
1.754561093750000000e+05
1.754809687500000000e+05
1.755040937500000000e+05
1.755251093750000000e+05
1.755473437500000000e+05
1.755677968750000000e+05
1.755898593750000000e+05
1.756460000000000000e+05
1.756731875000000000e+05
1.756949218750000000e+05
1.757258906250000000e+05
1.757512812500000000e+05
1.757790781250000000e+05
1.758093437500000000e+05
1.758409375000000000e+05
1.758639687500000000e+05
1.758859843750000000e+05
1.759132500000000000e+05
1.759346718750000000e+05
1.759582656250000000e+05
1.759803437500000000e+05
1.760073437500000000e+05
1.760330156250000000e+05
1.760608125000000000e+05
1.760824218750000000e+05
1.740619375000000000e+05
1.741179375000000000e+05
1.741453437500000000e+05
1.741640000000000000e+05
1.741925937500000000e+05
1.742080625000000000e+05
1.742260625000000000e+05
1.742577500000000000e+05
1.742701875000000000e+05
1.743297031250000000e+05
1.743585781250000000e+05
1.743717187500000000e+05
1.743964531250000000e+05
1.744141875000000000e+05
1.744383125000000000e+05
1.744506093750000000e+05
1.744660000000000000e+05
1.744934687500000000e+05
1.745326406250000000e+05
1.745436875000000000e+05
1.746120625000000000e+05
1.746365781250000000e+05
1.746462656250000000e+05
1.746703906250000000e+05
1.746945781250000000e+05
1.747313125000000000e+05
1.747483593750000000e+05
1.747769687500000000e+05
1.747863750000000000e+05
1.748081875000000000e+05
1.748441406250000000e+05
1.748765000000000000e+05
1.749004375000000000e+05
1.749169375000000000e+05
1.749351875000000000e+05
1.749432968750000000e+05
1.749599531250000000e+05
1.749893125000000000e+05
1.750079843750000000e+05
1.750406093750000000e+05
1.751460000000000000e+05
1.751659687500000000e+05
1.751835937500000000e+05
1.752082968750000000e+05
1.752491093750000000e+05
1.752649218750000000e+05
1.753196250000000000e+05
1.753900468750000000e+05
1.754195937500000000e+05
1.754406093750000000e+05
1.754863281250000000e+05
1.755042187500000000e+05
1.755312812500000000e+05
1.755652968750000000e+05
1.756487031250000000e+05
1.757120312500000000e+05
1.757894531250000000e+05
1.758506718750000000e+05
1.760637500000000000e+05
1.740690312500000000e+05
1.741108437500000000e+05
1.741327343750000000e+05
1.741516406250000000e+05
1.741719531250000000e+05
1.741880156250000000e+05
1.742064218750000000e+05
1.742250000000000000e+05
1.742440000000000000e+05
1.742690000000000000e+05
1.742905625000000000e+05
1.743107812500000000e+05
1.743355625000000000e+05
1.743562656250000000e+05
1.743727187500000000e+05
1.744045312500000000e+05
1.744446250000000000e+05
1.744757031250000000e+05
1.744995781250000000e+05
1.745174687500000000e+05
1.745347968750000000e+05
1.745482656250000000e+05
1.745651718750000000e+05
1.745839843750000000e+05
1.746025156250000000e+05
1.746205000000000000e+05
1.746464218750000000e+05
1.746765937500000000e+05
1.747016250000000000e+05
1.747243593750000000e+05
1.747479843750000000e+05
1.747754531250000000e+05
1.748050000000000000e+05
1.748508437500000000e+05
1.748683750000000000e+05
1.748855625000000000e+05
1.749050000000000000e+05
1.749235468750000000e+05
1.749407343750000000e+05
1.749577500000000000e+05
1.749798750000000000e+05
1.750060312500000000e+05
1.750341875000000000e+05
1.750592656250000000e+05
1.751320156250000000e+05
1.752466093750000000e+05
1.753147968750000000e+05
1.754321718750000000e+05
1.755708750000000000e+05
1.756565156250000000e+05
1.757511718750000000e+05
1.758616250000000000e+05
1.759972187500000000e+05
1.740981406250000000e+05
1.741167656250000000e+05
1.741239843750000000e+05
1.741313750000000000e+05
1.741459531250000000e+05
1.741537968750000000e+05
1.741701562500000000e+05
1.741801718750000000e+05
1.741942656250000000e+05
1.742041093750000000e+05
1.742241250000000000e+05
1.742325156250000000e+05
1.742517343750000000e+05
1.742616562500000000e+05
1.742693125000000000e+05
1.742766718750000000e+05
1.742837343750000000e+05
1.742904843750000000e+05
1.742960156250000000e+05
1.743132500000000000e+05
1.743213125000000000e+05
1.743295156250000000e+05
1.743376562500000000e+05
1.743633125000000000e+05
1.743834062500000000e+05
1.743919062500000000e+05
1.743997968750000000e+05
1.744128125000000000e+05
1.744304375000000000e+05
1.744393750000000000e+05
1.744476406250000000e+05
1.744651562500000000e+05
1.744772031250000000e+05
1.744903281250000000e+05
1.744990468750000000e+05
1.745123906250000000e+05
1.745207656250000000e+05
1.745339062500000000e+05
1.745412812500000000e+05
1.745473281250000000e+05
1.745682968750000000e+05
1.745772656250000000e+05
1.745848750000000000e+05
1.746055156250000000e+05
1.746133281250000000e+05
1.746202812500000000e+05
1.746274687500000000e+05
1.746556406250000000e+05
1.746668281250000000e+05
1.746855625000000000e+05
1.746935312500000000e+05
1.747012812500000000e+05
1.747079531250000000e+05
1.747192812500000000e+05
1.747310312500000000e+05
1.747481562500000000e+05
1.747561093750000000e+05
1.747733125000000000e+05
1.747808125000000000e+05
1.747945468750000000e+05
1.748061406250000000e+05
1.748141562500000000e+05
1.748242968750000000e+05
1.748371562500000000e+05
1.748449218750000000e+05
1.748520468750000000e+05
1.748585000000000000e+05
1.748649531250000000e+05
1.748828437500000000e+05
1.748945781250000000e+05
1.749091250000000000e+05
1.749333593750000000e+05
1.749547500000000000e+05
1.749628281250000000e+05
1.749704062500000000e+05
1.749851875000000000e+05
1.749937968750000000e+05
1.750016875000000000e+05
1.750182031250000000e+05
1.750261250000000000e+05
1.750328437500000000e+05
1.750473906250000000e+05
1.750917187500000000e+05
1.751112500000000000e+05
1.751838437500000000e+05
1.752172656250000000e+05
1.752431875000000000e+05
1.752765625000000000e+05
1.753129062500000000e+05
1.753637031250000000e+05
1.753997343750000000e+05
1.754285625000000000e+05
1.755006250000000000e+05
1.755270312500000000e+05
1.755503437500000000e+05
1.756361093750000000e+05
1.756861093750000000e+05
1.757131406250000000e+05
1.757387187500000000e+05
1.757617031250000000e+05
1.758215468750000000e+05
1.758440468750000000e+05
1.758795625000000000e+05
1.759185312500000000e+05
1.759522500000000000e+05
1.759742343750000000e+05
1.759985937500000000e+05
1.760448437500000000e+05
1.760979375000000000e+05
1.741178437500000000e+05
1.741460312500000000e+05
1.741617187500000000e+05
1.741710625000000000e+05
1.741866406250000000e+05
1.742041250000000000e+05
1.742415937500000000e+05
1.742563906250000000e+05
1.742723125000000000e+05
1.742924218750000000e+05
1.743088906250000000e+05
1.743192968750000000e+05
1.743352968750000000e+05
1.743522343750000000e+05
1.743655000000000000e+05
1.743773906250000000e+05
1.743949375000000000e+05
1.744134218750000000e+05
1.744368281250000000e+05
1.744538281250000000e+05
1.744817500000000000e+05
1.744942500000000000e+05
1.745182968750000000e+05
1.745367031250000000e+05
1.745532656250000000e+05
1.745697187500000000e+05
1.746228750000000000e+05
1.746298125000000000e+05
1.746365000000000000e+05
1.746493593750000000e+05
1.746671093750000000e+05
1.746865156250000000e+05
1.747042031250000000e+05
1.747256093750000000e+05
1.747424375000000000e+05
1.747595937500000000e+05
1.747675781250000000e+05
1.747823437500000000e+05
1.748220312500000000e+05
1.748451250000000000e+05
1.748585000000000000e+05
1.748894843750000000e+05
1.749065468750000000e+05
1.749282187500000000e+05
1.749422031250000000e+05
1.749538125000000000e+05
1.749730156250000000e+05
1.749890312500000000e+05
1.750029218750000000e+05
1.750135000000000000e+05
1.750564062500000000e+05
1.750950937500000000e+05
1.751172343750000000e+05
1.751471093750000000e+05
1.752130781250000000e+05
1.752555781250000000e+05
1.753165781250000000e+05
1.753686406250000000e+05
1.754264687500000000e+05
1.754487343750000000e+05
1.755460625000000000e+05
1.755671562500000000e+05
1.756660312500000000e+05
1.757533750000000000e+05
1.757795937500000000e+05
1.758545781250000000e+05
1.758963750000000000e+05
1.759622187500000000e+05
1.760056406250000000e+05
1.760679531250000000e+05
1.740790156250000000e+05
1.741214062500000000e+05
1.741655781250000000e+05
1.742590625000000000e+05
1.743624531250000000e+05
1.745870625000000000e+05
1.746515625000000000e+05
1.746791406250000000e+05
1.748292656250000000e+05
1.740890312500000000e+05
1.741103281250000000e+05
1.741329531250000000e+05
1.741414687500000000e+05
1.741494062500000000e+05
1.741570781250000000e+05
1.741642187500000000e+05
1.741717968750000000e+05
1.741797812500000000e+05
1.741870000000000000e+05
1.741949218750000000e+05
1.742049218750000000e+05
1.742144531250000000e+05
1.742215468750000000e+05
1.742282187500000000e+05
1.742349687500000000e+05
1.742425000000000000e+05
1.742499843750000000e+05
1.742594375000000000e+05
1.742725000000000000e+05
1.742803281250000000e+05
1.742879843750000000e+05
1.742997187500000000e+05
1.743072812500000000e+05
1.743147187500000000e+05
1.743219375000000000e+05
1.743305156250000000e+05
1.743371093750000000e+05
1.743439062500000000e+05
1.743507031250000000e+05
1.743578593750000000e+05
1.743720625000000000e+05
1.743874218750000000e+05
1.744093750000000000e+05
1.744222656250000000e+05
1.744318125000000000e+05
1.744389218750000000e+05
1.744481875000000000e+05
1.744590625000000000e+05
1.744673750000000000e+05
1.744754687500000000e+05
1.744830625000000000e+05
1.744909218750000000e+05
1.745005000000000000e+05
1.745121875000000000e+05
1.745231093750000000e+05
1.745305937500000000e+05
1.745384062500000000e+05
1.745569218750000000e+05
1.745654843750000000e+05
1.745725468750000000e+05
1.745850156250000000e+05
1.745935000000000000e+05
1.746017812500000000e+05
1.746112968750000000e+05
1.746188437500000000e+05
1.746266718750000000e+05
1.746342656250000000e+05
1.746425468750000000e+05
1.746534531250000000e+05
1.746722343750000000e+05
1.746797031250000000e+05
1.746874687500000000e+05
1.746952031250000000e+05
1.747018437500000000e+05
1.747084687500000000e+05
1.747150156250000000e+05
1.747220000000000000e+05
1.747327031250000000e+05
1.747396875000000000e+05
1.747472343750000000e+05
1.747551562500000000e+05
1.747621093750000000e+05
1.747699218750000000e+05
1.747775156250000000e+05
1.747912500000000000e+05
1.748004218750000000e+05
1.748127031250000000e+05
1.748201875000000000e+05
1.748282968750000000e+05
1.748364843750000000e+05
1.748483906250000000e+05
1.748569843750000000e+05
1.748645156250000000e+05
1.748717031250000000e+05
1.748794375000000000e+05
1.748865312500000000e+05
1.748948906250000000e+05
1.749054375000000000e+05
1.749169531250000000e+05
1.749263125000000000e+05
1.749358281250000000e+05
1.749501250000000000e+05
1.749588281250000000e+05
1.749665625000000000e+05
1.749797187500000000e+05
1.749880781250000000e+05
1.749978593750000000e+05
1.750079531250000000e+05
1.750271562500000000e+05
1.750348593750000000e+05
1.750429843750000000e+05
1.750527343750000000e+05
1.750716562500000000e+05
1.751237343750000000e+05
1.751528750000000000e+05
1.752005312500000000e+05
1.752281250000000000e+05
1.752613437500000000e+05
1.752966562500000000e+05
1.753337187500000000e+05
1.753616562500000000e+05
1.754108750000000000e+05
1.754382968750000000e+05
1.754599687500000000e+05
1.755009062500000000e+05
1.755287968750000000e+05
1.755603906250000000e+05
1.755889531250000000e+05
1.756607031250000000e+05
1.756976718750000000e+05
1.757310625000000000e+05
1.757569062500000000e+05
1.757868750000000000e+05
1.758181093750000000e+05
1.758468437500000000e+05
1.758759687500000000e+05
1.759346406250000000e+05
1.759615468750000000e+05
1.759900312500000000e+05
1.760172968750000000e+05
1.760506250000000000e+05
1.760873281250000000e+05
1.740822812500000000e+05
1.741080312500000000e+05
1.741215468750000000e+05
1.741431875000000000e+05
1.741596093750000000e+05
1.741720156250000000e+05
1.741802968750000000e+05
1.741973281250000000e+05
1.742085468750000000e+05
1.742196562500000000e+05
1.742397187500000000e+05
1.742565156250000000e+05
1.742695937500000000e+05
1.742854843750000000e+05
1.743007500000000000e+05
1.743188281250000000e+05
1.743305625000000000e+05
1.743531093750000000e+05
1.743670937500000000e+05
1.743811875000000000e+05
1.743930312500000000e+05
1.744112968750000000e+05
1.744276718750000000e+05
1.744421562500000000e+05
1.744598125000000000e+05
1.744757343750000000e+05
1.744935156250000000e+05
1.745076718750000000e+05
1.745212500000000000e+05
1.745351562500000000e+05
1.745498437500000000e+05
1.745699531250000000e+05
1.746023750000000000e+05
1.746176093750000000e+05
1.746340312500000000e+05
1.746451562500000000e+05
1.746610000000000000e+05
1.746725625000000000e+05
1.746852031250000000e+05
1.747001406250000000e+05
1.747160625000000000e+05
1.747333750000000000e+05
1.747488906250000000e+05
1.747618437500000000e+05
1.747758437500000000e+05
1.747838750000000000e+05
1.747992656250000000e+05
1.748211718750000000e+05
1.748387968750000000e+05
1.748602812500000000e+05
1.748786562500000000e+05
1.748964843750000000e+05
1.749125781250000000e+05
1.749331250000000000e+05
1.749500781250000000e+05
1.749721875000000000e+05
1.749882031250000000e+05
1.750086406250000000e+05
1.750217812500000000e+05
1.750352500000000000e+05
1.750541562500000000e+05
1.751547656250000000e+05
1.752031562500000000e+05
1.752375937500000000e+05
1.752614687500000000e+05
1.753042031250000000e+05
1.753353906250000000e+05
1.753613125000000000e+05
1.754184843750000000e+05
1.754473750000000000e+05
1.754754375000000000e+05
1.754946562500000000e+05
1.755150000000000000e+05
1.755498750000000000e+05
1.755717812500000000e+05
1.756491093750000000e+05
1.756872812500000000e+05
1.757104062500000000e+05
1.757805781250000000e+05
1.758093906250000000e+05
1.758383281250000000e+05
1.758717656250000000e+05
1.758947812500000000e+05
1.761273125000000000e+05
1.740961406250000000e+05
1.741182500000000000e+05
1.741329843750000000e+05
1.741524843750000000e+05
1.741726250000000000e+05
1.741908437500000000e+05
1.742246250000000000e+05
1.742536093750000000e+05
1.743058593750000000e+05
1.743220156250000000e+05
1.743622812500000000e+05
1.744027187500000000e+05
1.744378437500000000e+05
1.744716093750000000e+05
1.745006093750000000e+05
1.745275000000000000e+05
1.745472968750000000e+05
1.745739687500000000e+05
1.745898437500000000e+05
1.746212343750000000e+05
1.746596875000000000e+05
1.747054062500000000e+05
1.747329218750000000e+05
1.747674843750000000e+05
1.747792031250000000e+05
1.747953593750000000e+05
1.748157656250000000e+05
1.748313593750000000e+05
1.748521250000000000e+05
1.748758750000000000e+05
1.748991250000000000e+05
1.749228906250000000e+05
1.749384062500000000e+05
1.749771093750000000e+05
1.749963593750000000e+05
1.750148593750000000e+05
1.750346406250000000e+05
1.751478906250000000e+05
1.754998437500000000e+05
1.756439843750000000e+05
1.757492343750000000e+05
1.758243906250000000e+05
1.759391718750000000e+05
1.760687500000000000e+05
1.741035625000000000e+05
1.741113750000000000e+05
1.741779843750000000e+05
1.744184375000000000e+05
1.744400000000000000e+05
1.744764062500000000e+05
1.745006875000000000e+05
1.745243437500000000e+05
1.745574843750000000e+05
1.746298125000000000e+05
1.746964062500000000e+05
1.747213750000000000e+05
1.747566093750000000e+05
1.747820937500000000e+05
1.748096093750000000e+05
1.748283281250000000e+05
1.748566093750000000e+05
1.748765000000000000e+05
1.748939687500000000e+05
1.749250468750000000e+05
1.749426718750000000e+05
1.749793750000000000e+05
1.750213906250000000e+05
1.753303437500000000e+05
1.754720781250000000e+05
1.740801093750000000e+05
1.741143906250000000e+05
1.741865156250000000e+05
1.743409843750000000e+05
1.743693906250000000e+05
1.744211406250000000e+05
1.746125312500000000e+05
1.746620312500000000e+05
1.747661875000000000e+05
1.748222656250000000e+05
1.748469531250000000e+05
1.749110625000000000e+05
1.749543593750000000e+05
1.750025937500000000e+05
1.740930781250000000e+05
1.741927187500000000e+05
1.742304375000000000e+05
1.742866562500000000e+05
1.743762656250000000e+05
1.745565781250000000e+05
1.746074062500000000e+05
1.746657500000000000e+05
1.747522656250000000e+05
1.747762968750000000e+05
1.748337812500000000e+05
1.748935781250000000e+05
1.749903593750000000e+05
1.754249218750000000e+05
1.756768281250000000e+05
1.741162812500000000e+05
1.741350000000000000e+05
1.741604843750000000e+05
1.741978125000000000e+05
1.742241875000000000e+05
1.742474218750000000e+05
1.742780468750000000e+05
1.743347187500000000e+05
1.743672656250000000e+05
1.744023281250000000e+05
1.744366093750000000e+05
1.744895937500000000e+05
1.745310625000000000e+05
1.745552187500000000e+05
1.746288906250000000e+05
1.747159218750000000e+05
1.747820781250000000e+05
1.748173125000000000e+05
1.748590468750000000e+05
1.748861875000000000e+05
1.749518281250000000e+05
1.750027968750000000e+05
1.750267500000000000e+05
1.740825000000000000e+05
1.741124687500000000e+05
1.741325312500000000e+05
1.741632812500000000e+05
1.741782968750000000e+05
1.742156562500000000e+05
1.742292968750000000e+05
1.742808750000000000e+05
1.743069218750000000e+05
1.743471250000000000e+05
1.743615312500000000e+05
1.743887187500000000e+05
1.744188750000000000e+05
1.744376875000000000e+05
1.744733437500000000e+05
1.745053437500000000e+05
1.745323750000000000e+05
1.745698906250000000e+05
1.745922343750000000e+05
1.746149687500000000e+05
1.746629218750000000e+05
1.747034218750000000e+05
1.747322187500000000e+05
1.747512187500000000e+05
1.748122343750000000e+05
1.748407968750000000e+05
1.748533281250000000e+05
1.748783593750000000e+05
1.749039375000000000e+05
1.749334687500000000e+05
1.749533593750000000e+05
1.749919687500000000e+05
1.750376875000000000e+05
1.751265468750000000e+05
1.752039062500000000e+05
1.752628593750000000e+05
1.754198437500000000e+05
1.754533906250000000e+05
1.755559062500000000e+05
1.756520312500000000e+05
1.757559687500000000e+05
1.758166406250000000e+05
1.758672187500000000e+05
1.759456406250000000e+05
1.759988750000000000e+05
1.760639687500000000e+05
1.740967812500000000e+05
1.741126875000000000e+05
1.741202812500000000e+05
1.741344843750000000e+05
1.741552500000000000e+05
1.741697343750000000e+05
1.741761875000000000e+05
1.741857812500000000e+05
1.741939843750000000e+05
1.742058125000000000e+05
1.742196406250000000e+05
1.742260468750000000e+05
1.742361093750000000e+05
1.742424687500000000e+05
1.742478593750000000e+05
1.742579062500000000e+05
1.742638281250000000e+05
1.742725312500000000e+05
1.742802343750000000e+05
1.742892343750000000e+05
1.742993750000000000e+05
1.743090156250000000e+05
1.743205156250000000e+05
1.743304375000000000e+05
1.743384218750000000e+05
1.743465468750000000e+05
1.743534375000000000e+05
1.743655000000000000e+05
1.743720156250000000e+05
1.743780625000000000e+05
1.743895000000000000e+05
1.743988125000000000e+05
1.744064687500000000e+05
1.744181562500000000e+05
1.744248593750000000e+05
1.744373125000000000e+05
1.744461718750000000e+05
1.744541718750000000e+05
1.744624375000000000e+05
1.744695156250000000e+05
1.744827812500000000e+05
1.744934062500000000e+05
1.745022500000000000e+05
1.745130000000000000e+05
1.745210156250000000e+05
1.745319687500000000e+05
1.745425781250000000e+05
1.745498593750000000e+05
1.745611093750000000e+05
1.745676718750000000e+05
1.745772343750000000e+05
1.745846562500000000e+05
1.745932500000000000e+05
1.746057968750000000e+05
1.746186250000000000e+05
1.746290625000000000e+05
1.746431718750000000e+05
1.746534687500000000e+05
1.746602343750000000e+05
1.746661562500000000e+05
1.746764843750000000e+05
1.746833125000000000e+05
1.746948750000000000e+05
1.747012187500000000e+05
1.747068437500000000e+05
1.747167812500000000e+05
1.747234375000000000e+05
1.747358750000000000e+05
1.747503281250000000e+05
1.747590781250000000e+05
1.747667812500000000e+05
1.747769687500000000e+05
1.747854218750000000e+05
1.748008437500000000e+05
1.748180468750000000e+05
1.748342343750000000e+05
1.748455000000000000e+05
1.748548593750000000e+05
1.748646093750000000e+05
1.748759687500000000e+05
1.748841718750000000e+05
1.748950781250000000e+05
1.749016562500000000e+05
1.749076093750000000e+05
1.749184843750000000e+05
1.749268593750000000e+05
1.749357343750000000e+05
1.749443750000000000e+05
1.749522656250000000e+05
1.749637968750000000e+05
1.749722031250000000e+05
1.749858750000000000e+05
1.749946250000000000e+05
1.750065156250000000e+05
1.750160156250000000e+05
1.750228281250000000e+05
1.750292500000000000e+05
1.750399843750000000e+05
1.750578750000000000e+05
1.750908593750000000e+05
1.751097812500000000e+05
1.751484531250000000e+05
1.751675625000000000e+05
1.751817656250000000e+05
1.752236250000000000e+05
1.752452031250000000e+05
1.752562656250000000e+05
1.753026093750000000e+05
1.753253906250000000e+05
1.753617343750000000e+05
1.754191875000000000e+05
1.754346718750000000e+05
1.754492968750000000e+05
1.754633281250000000e+05
1.754838281250000000e+05
1.755070468750000000e+05
1.755354843750000000e+05
1.755612812500000000e+05
1.755964062500000000e+05
1.756426718750000000e+05
1.756617812500000000e+05
1.756801718750000000e+05
1.757146093750000000e+05
1.757543906250000000e+05
1.757743437500000000e+05
1.757919218750000000e+05
1.758423281250000000e+05
1.758589531250000000e+05
1.758942656250000000e+05
1.759096093750000000e+05
1.759299531250000000e+05
1.759456406250000000e+05
1.759825625000000000e+05
1.760020468750000000e+05
1.760184531250000000e+05
1.760449218750000000e+05
1.760766250000000000e+05
1.761263125000000000e+05
1.740967656250000000e+05
1.741200468750000000e+05
1.741391093750000000e+05
1.741526250000000000e+05
1.741820781250000000e+05
1.742083437500000000e+05
1.742252812500000000e+05
1.742427968750000000e+05
1.742584062500000000e+05
1.742771250000000000e+05
1.742935937500000000e+05
1.743124218750000000e+05
1.743315781250000000e+05
1.743479218750000000e+05
1.743619062500000000e+05
1.743730468750000000e+05
1.743874687500000000e+05
1.744009531250000000e+05
1.744315312500000000e+05
1.744488281250000000e+05
1.744702656250000000e+05
1.744866562500000000e+05
1.745023593750000000e+05
1.745242500000000000e+05
1.745499531250000000e+05
1.745702656250000000e+05
1.745844375000000000e+05
1.746003906250000000e+05
1.746113281250000000e+05
1.746252812500000000e+05
1.746392500000000000e+05
1.746532343750000000e+05
1.746654062500000000e+05
1.746751250000000000e+05
1.746882500000000000e+05
1.746996562500000000e+05
1.747404218750000000e+05
1.747505156250000000e+05
1.747689218750000000e+05
1.747825625000000000e+05
1.747960312500000000e+05
1.748166875000000000e+05
1.748304375000000000e+05
1.748459375000000000e+05
1.748585468750000000e+05
1.748784843750000000e+05
1.748902812500000000e+05
1.749044843750000000e+05
1.749194843750000000e+05
1.749298125000000000e+05
1.749400156250000000e+05
1.749543125000000000e+05
1.749702031250000000e+05
1.749846250000000000e+05
1.750052500000000000e+05
1.750191562500000000e+05
1.750527968750000000e+05
1.751034375000000000e+05
1.751708593750000000e+05
1.751924843750000000e+05
1.752234375000000000e+05
1.753179531250000000e+05
1.753598281250000000e+05
1.754111562500000000e+05
1.754478593750000000e+05
1.754862500000000000e+05
1.755032343750000000e+05
1.755508593750000000e+05
1.756304843750000000e+05
1.756570312500000000e+05
1.757008281250000000e+05
1.757287500000000000e+05
1.757622500000000000e+05
1.758062968750000000e+05
1.758743906250000000e+05
1.759631093750000000e+05
1.760149531250000000e+05
1.760420625000000000e+05
1.760785937500000000e+05
1.740747812500000000e+05
1.741041718750000000e+05
1.741293437500000000e+05
1.741593750000000000e+05
1.741761875000000000e+05
1.742086718750000000e+05
1.742220156250000000e+05
1.742680468750000000e+05
1.742938281250000000e+05
1.743118906250000000e+05
1.743367968750000000e+05
1.743703906250000000e+05
1.744110000000000000e+05
1.744267031250000000e+05
1.744460937500000000e+05
1.744686093750000000e+05
1.744926718750000000e+05
1.745133906250000000e+05
1.745573750000000000e+05
1.746043593750000000e+05
1.746405625000000000e+05
1.746859218750000000e+05
1.747220000000000000e+05
1.747477343750000000e+05
1.747874062500000000e+05
1.748213750000000000e+05
1.748424531250000000e+05
1.748763906250000000e+05
1.749038593750000000e+05
1.750022031250000000e+05
1.750519687500000000e+05
1.757778281250000000e+05
1.758910468750000000e+05
1.741353125000000000e+05
1.741713125000000000e+05
1.742611562500000000e+05
1.743289531250000000e+05
1.743650625000000000e+05
1.744018437500000000e+05
1.744257343750000000e+05
1.745395468750000000e+05
1.745621250000000000e+05
1.746100937500000000e+05
1.746636406250000000e+05
1.747182187500000000e+05
1.747659687500000000e+05
1.748167187500000000e+05
1.748789531250000000e+05
1.749777500000000000e+05
1.750236093750000000e+05
1.751421718750000000e+05
1.752274531250000000e+05
1.753352343750000000e+05
1.754747031250000000e+05
1.756768125000000000e+05
1.757733281250000000e+05
1.758153906250000000e+05
1.759122500000000000e+05
1.759609062500000000e+05
1.740728281250000000e+05
1.740910781250000000e+05
1.741436406250000000e+05
1.742290156250000000e+05
1.743035468750000000e+05
1.744322500000000000e+05
1.746184375000000000e+05
1.746394531250000000e+05
1.746800781250000000e+05
1.747771093750000000e+05
1.747993750000000000e+05
1.748570625000000000e+05
1.749376718750000000e+05
1.749842500000000000e+05
1.750060000000000000e+05
1.758187500000000000e+05
1.741263125000000000e+05
1.741725312500000000e+05
1.742095156250000000e+05
1.742540468750000000e+05
1.743179062500000000e+05
1.743736718750000000e+05
1.744120781250000000e+05
1.744589687500000000e+05
1.744929843750000000e+05
1.745879375000000000e+05
1.746555312500000000e+05
1.747271875000000000e+05
1.747494062500000000e+05
1.747775312500000000e+05
1.748085312500000000e+05
1.748280937500000000e+05
1.748918750000000000e+05
1.749746562500000000e+05
1.750697031250000000e+05
1.759029218750000000e+05
1.740958125000000000e+05
1.741026562500000000e+05
1.741095781250000000e+05
1.741279843750000000e+05
1.741794062500000000e+05
1.741994375000000000e+05
1.742253593750000000e+05
1.742881562500000000e+05
1.743854531250000000e+05
1.744331093750000000e+05
1.745052812500000000e+05
1.745467031250000000e+05
1.747256093750000000e+05
1.747522656250000000e+05
1.747788437500000000e+05
1.748260625000000000e+05
1.748951250000000000e+05
1.749270312500000000e+05
1.749719218750000000e+05
1.740804843750000000e+05
1.741123906250000000e+05
1.741209531250000000e+05
1.741397500000000000e+05
1.741525312500000000e+05
1.741779531250000000e+05
1.742221875000000000e+05
1.742319687500000000e+05
1.742590312500000000e+05
1.742674375000000000e+05
1.742750156250000000e+05
1.742842656250000000e+05
1.742930937500000000e+05
1.743056875000000000e+05
1.743292812500000000e+05
1.743372187500000000e+05
1.743952187500000000e+05
1.744212656250000000e+05
1.744635312500000000e+05
1.744967812500000000e+05
1.745177812500000000e+05
1.745370625000000000e+05
1.745441406250000000e+05
1.745693281250000000e+05
1.745773750000000000e+05
1.745867031250000000e+05
1.746115937500000000e+05
1.746412968750000000e+05
1.746699062500000000e+05
1.746901406250000000e+05
1.747022187500000000e+05
1.747130312500000000e+05
1.747529531250000000e+05
1.747609843750000000e+05
1.747844375000000000e+05
1.748084843750000000e+05
1.748181718750000000e+05
1.748438906250000000e+05
1.748552500000000000e+05
1.748778125000000000e+05
1.748917343750000000e+05
1.749134531250000000e+05
1.749384687500000000e+05
1.749590625000000000e+05
1.749820625000000000e+05
1.750104843750000000e+05
1.750278281250000000e+05
1.750381562500000000e+05
1.750566875000000000e+05
1.750963750000000000e+05
1.751865468750000000e+05
1.752573906250000000e+05
1.753159531250000000e+05
1.754326250000000000e+05
1.755078437500000000e+05
1.755574062500000000e+05
1.756451406250000000e+05
1.756980937500000000e+05
1.757269531250000000e+05
1.758282031250000000e+05
1.758563125000000000e+05
1.759247343750000000e+05
1.759520781250000000e+05
1.759795625000000000e+05
1.760157343750000000e+05
1.760608906250000000e+05
1.761193437500000000e+05
1.740826875000000000e+05
1.740915156250000000e+05
1.741013125000000000e+05
1.741237187500000000e+05
1.741409843750000000e+05
1.741567031250000000e+05
1.741739062500000000e+05
1.741957500000000000e+05
1.742235312500000000e+05
1.742488593750000000e+05
1.742770000000000000e+05
1.743036250000000000e+05
1.743304218750000000e+05
1.743744531250000000e+05
1.744081718750000000e+05
1.744281875000000000e+05
1.744464218750000000e+05
1.744893437500000000e+05
1.745095937500000000e+05
1.745340468750000000e+05
1.745615000000000000e+05
1.745940937500000000e+05
1.746240468750000000e+05
1.746420937500000000e+05
1.746648906250000000e+05
1.746910156250000000e+05
1.747232343750000000e+05
1.747560000000000000e+05
1.747772812500000000e+05
1.748182812500000000e+05
1.748386093750000000e+05
1.748650625000000000e+05
1.749294687500000000e+05
1.749629687500000000e+05
1.750065000000000000e+05
1.750260781250000000e+05
1.751742968750000000e+05
1.752553593750000000e+05
1.753970312500000000e+05
1.756377500000000000e+05
1.757359062500000000e+05
1.757887031250000000e+05
1.758620468750000000e+05
1.760453125000000000e+05
1.741080468750000000e+05
1.757724062500000000e+05
