1.687188125000000000e+05
1.687370312500000000e+05
1.820634843750000000e+05
1.820760937500000000e+05
1.820872187500000000e+05
1.821000468750000000e+05
1.821105781250000000e+05
1.821228437500000000e+05
1.821379375000000000e+05
1.821521562500000000e+05
1.821639687500000000e+05
1.821776562500000000e+05
1.821885781250000000e+05
1.822022656250000000e+05
1.822166406250000000e+05
1.822266562500000000e+05
1.822382812500000000e+05
1.822485937500000000e+05
1.822605625000000000e+05
1.822709218750000000e+05
1.822798906250000000e+05
1.822887187500000000e+05
1.822994843750000000e+05
1.823090000000000000e+05
1.823188906250000000e+05
1.823316718750000000e+05
1.823411093750000000e+05
1.823532812500000000e+05
1.823663750000000000e+05
1.823792656250000000e+05
1.823912187500000000e+05
1.824032343750000000e+05
1.824148593750000000e+05
1.824245625000000000e+05
1.824376093750000000e+05
1.824480781250000000e+05
1.824571562500000000e+05
1.824658593750000000e+05
1.824762187500000000e+05
1.824859062500000000e+05
1.824967343750000000e+05
1.825085468750000000e+05
1.825190156250000000e+05
1.825292968750000000e+05
1.825370625000000000e+05
1.825470000000000000e+05
1.825587500000000000e+05
1.825678281250000000e+05
1.825780156250000000e+05
1.825870468750000000e+05
1.825992031250000000e+05
1.826102656250000000e+05
1.826273281250000000e+05
1.826414843750000000e+05
1.826555937500000000e+05
1.826696250000000000e+05
1.826867187500000000e+05
1.827033125000000000e+05
1.827251250000000000e+05
1.827404062500000000e+05
1.827518750000000000e+05
1.827659375000000000e+05
1.827781718750000000e+05
1.827930156250000000e+05
1.828021250000000000e+05
1.828140312500000000e+05
1.828244218750000000e+05
1.828385156250000000e+05
1.828503437500000000e+05
1.828663437500000000e+05
1.828823125000000000e+05
1.828965312500000000e+05
1.829067656250000000e+05
1.829216406250000000e+05
1.829317968750000000e+05
1.829407500000000000e+05
1.829491718750000000e+05
1.829583750000000000e+05
1.829696250000000000e+05
1.829790156250000000e+05
1.829890625000000000e+05
1.829994218750000000e+05
1.830112343750000000e+05
1.830224531250000000e+05
1.687018593750000000e+05
1.820691562500000000e+05
1.820938906250000000e+05
1.821154062500000000e+05
1.821322031250000000e+05
1.821514687500000000e+05
1.821746562500000000e+05
1.821936875000000000e+05
1.822141250000000000e+05
1.822376562500000000e+05
1.822724375000000000e+05
1.822997812500000000e+05
1.823288750000000000e+05
1.823482812500000000e+05
1.823696718750000000e+05
1.823931718750000000e+05
1.824120312500000000e+05
1.824317343750000000e+05
1.824503125000000000e+05
1.824731406250000000e+05
1.825043750000000000e+05
1.825264531250000000e+05
1.825524687500000000e+05
1.825773437500000000e+05
1.825992187500000000e+05
1.826209687500000000e+05
1.826452343750000000e+05
1.826652343750000000e+05
1.826870625000000000e+05
1.827128281250000000e+05
1.827360312500000000e+05
1.827698593750000000e+05
1.827927656250000000e+05
1.828133593750000000e+05
1.828397031250000000e+05
1.828582187500000000e+05
1.828763437500000000e+05
1.828952500000000000e+05
1.829183125000000000e+05
1.829445468750000000e+05
1.829658437500000000e+05
1.829819375000000000e+05
1.830025468750000000e+05
1.687034218750000000e+05
1.688044687500000000e+05
1.820806093750000000e+05
1.820997656250000000e+05
1.821185781250000000e+05
1.821330781250000000e+05
1.821491093750000000e+05
1.821671250000000000e+05
1.821814687500000000e+05
1.821963750000000000e+05
1.822149687500000000e+05
1.822385312500000000e+05
1.822555156250000000e+05
1.822769687500000000e+05
1.822951406250000000e+05
1.823105468750000000e+05
1.823271562500000000e+05
1.823491562500000000e+05
1.823675781250000000e+05
1.823831093750000000e+05
1.823990625000000000e+05
1.824168125000000000e+05
1.824318125000000000e+05
1.824509687500000000e+05
1.824670468750000000e+05
1.824916406250000000e+05
1.825084531250000000e+05
1.825272968750000000e+05
1.825438125000000000e+05
1.825617500000000000e+05
1.825821093750000000e+05
1.825985312500000000e+05
1.826214531250000000e+05
1.826397187500000000e+05
1.826567656250000000e+05
1.826730781250000000e+05
1.826860937500000000e+05
1.826998437500000000e+05
1.827121406250000000e+05
1.827263593750000000e+05
1.827424375000000000e+05
1.827558593750000000e+05
1.827723281250000000e+05
1.827858750000000000e+05
1.828040937500000000e+05
1.828211406250000000e+05
1.828415000000000000e+05
1.828619375000000000e+05
1.828797031250000000e+05
1.828939375000000000e+05
1.829071875000000000e+05
1.829238125000000000e+05
1.829399687500000000e+05
1.829548906250000000e+05
1.829704687500000000e+05
1.829848906250000000e+05
1.830065156250000000e+05
1.687043125000000000e+05
1.687384375000000000e+05
1.820728437500000000e+05
1.820858750000000000e+05
1.821027187500000000e+05
1.821224218750000000e+05
1.821366406250000000e+05
1.821520625000000000e+05
1.821748593750000000e+05
1.821945781250000000e+05
1.822209843750000000e+05
1.822398750000000000e+05
1.822555468750000000e+05
1.822692031250000000e+05
1.822894218750000000e+05
1.823040625000000000e+05
1.823203906250000000e+05
1.823367968750000000e+05
1.823564687500000000e+05
1.823805468750000000e+05
1.823991250000000000e+05
1.824207187500000000e+05
1.824385468750000000e+05
1.824627812500000000e+05
1.824827031250000000e+05
1.825011406250000000e+05
1.825143593750000000e+05
1.825295156250000000e+05
1.825490468750000000e+05
1.825665781250000000e+05
1.825865937500000000e+05
1.826053437500000000e+05
1.826251406250000000e+05
1.826431406250000000e+05
1.826632031250000000e+05
1.826895156250000000e+05
1.827060781250000000e+05
1.827231250000000000e+05
1.827388125000000000e+05
1.827565156250000000e+05
1.827817656250000000e+05
1.828055625000000000e+05
1.828257187500000000e+05
1.828471718750000000e+05
1.828674531250000000e+05
1.828871875000000000e+05
1.829031562500000000e+05
1.829186093750000000e+05
1.829333906250000000e+05
1.829490625000000000e+05
1.829653906250000000e+05
1.829826562500000000e+05
1.830018593750000000e+05
1.830187968750000000e+05
1.687045937500000000e+05
1.687227656250000000e+05
1.820630000000000000e+05
1.820800312500000000e+05
1.820951718750000000e+05
1.821074062500000000e+05
1.821190468750000000e+05
1.821330468750000000e+05
1.821452500000000000e+05
1.821618437500000000e+05
1.821769843750000000e+05
1.821902031250000000e+05
1.822040000000000000e+05
1.822195781250000000e+05
1.822361562500000000e+05
1.822508125000000000e+05
1.822633593750000000e+05
1.822749531250000000e+05
1.822872656250000000e+05
1.822973281250000000e+05
1.823081093750000000e+05
1.823190468750000000e+05
1.823330156250000000e+05
1.823451718750000000e+05
1.823590468750000000e+05
1.823727812500000000e+05
1.823866250000000000e+05
1.823984062500000000e+05
1.824087187500000000e+05
1.824200000000000000e+05
1.824376093750000000e+05
1.824565000000000000e+05
1.824712343750000000e+05
1.824839375000000000e+05
1.824967343750000000e+05
1.825115468750000000e+05
1.825278125000000000e+05
1.825457656250000000e+05
1.825651718750000000e+05
1.825804218750000000e+05
1.825959531250000000e+05
1.826132343750000000e+05
1.826340468750000000e+05
1.826576250000000000e+05
1.826725781250000000e+05
1.826875625000000000e+05
1.827006093750000000e+05
1.827160625000000000e+05
1.827331875000000000e+05
1.827450468750000000e+05
1.827581875000000000e+05
1.827726406250000000e+05
1.827852187500000000e+05
1.827993125000000000e+05
1.828114531250000000e+05
1.828236406250000000e+05
1.828352343750000000e+05
1.828454687500000000e+05
1.828546718750000000e+05
1.828645000000000000e+05
1.828754218750000000e+05
1.828877500000000000e+05
1.829020468750000000e+05
1.829164843750000000e+05
1.829327656250000000e+05
1.829495312500000000e+05
1.829682968750000000e+05
1.829838281250000000e+05
1.830024687500000000e+05
1.830173281250000000e+05
1.687107812500000000e+05
1.687702031250000000e+05
1.820898281250000000e+05
1.821262656250000000e+05
1.821565312500000000e+05
1.821884843750000000e+05
1.822185625000000000e+05
1.822460468750000000e+05
1.822700937500000000e+05
1.822962031250000000e+05
1.823207343750000000e+05
1.823525937500000000e+05
1.823762031250000000e+05
1.823988750000000000e+05
1.824224843750000000e+05
1.824474843750000000e+05
1.824809375000000000e+05
1.825038437500000000e+05
1.825275781250000000e+05
1.825571093750000000e+05
1.825828906250000000e+05
1.826133750000000000e+05
1.826411718750000000e+05
1.826699375000000000e+05
1.827173437500000000e+05
1.827441250000000000e+05
1.827781093750000000e+05
1.828146406250000000e+05
1.828421406250000000e+05
1.828670625000000000e+05
1.828972812500000000e+05
1.829248125000000000e+05
1.829508125000000000e+05
1.829771875000000000e+05
1.830078125000000000e+05
1.687121250000000000e+05
1.687775937500000000e+05
1.820720156250000000e+05
1.820977812500000000e+05
1.821129062500000000e+05
1.821275312500000000e+05
1.821438593750000000e+05
1.821775625000000000e+05
1.822038437500000000e+05
1.822165781250000000e+05
1.822317031250000000e+05
1.822478593750000000e+05
1.822645781250000000e+05
1.822789375000000000e+05
1.822964218750000000e+05
1.823120937500000000e+05
1.823310156250000000e+05
1.823521875000000000e+05
1.823719687500000000e+05
1.823925937500000000e+05
1.824123593750000000e+05
1.824369843750000000e+05
1.824538750000000000e+05
1.824781406250000000e+05
1.824993437500000000e+05
1.825195000000000000e+05
1.825350625000000000e+05
1.825487187500000000e+05
1.825638906250000000e+05
1.825838906250000000e+05
1.826109062500000000e+05
1.826295156250000000e+05
1.826455000000000000e+05
1.826716250000000000e+05
1.826955781250000000e+05
1.827150625000000000e+05
1.827442187500000000e+05
1.827694687500000000e+05
1.827904531250000000e+05
1.828036875000000000e+05
1.828207968750000000e+05
1.828438750000000000e+05
1.828648437500000000e+05
1.828845937500000000e+05
1.829032812500000000e+05
1.829190156250000000e+05
1.829371250000000000e+05
1.829552187500000000e+05
1.829706718750000000e+05
1.829850156250000000e+05
1.830046562500000000e+05
1.687144687500000000e+05
1.687422656250000000e+05
1.820777343750000000e+05
1.820960625000000000e+05
1.821209218750000000e+05
1.821428906250000000e+05
1.821585312500000000e+05
1.821747812500000000e+05
1.821888125000000000e+05
1.822074375000000000e+05
1.822312031250000000e+05
1.822529531250000000e+05
1.822772031250000000e+05
1.822985000000000000e+05
1.823125156250000000e+05
1.823341093750000000e+05
1.823572656250000000e+05
1.823786250000000000e+05
1.823938437500000000e+05
1.824119375000000000e+05
1.824262343750000000e+05
1.824452812500000000e+05
1.824594687500000000e+05
1.824738125000000000e+05
1.824857343750000000e+05
1.825014531250000000e+05
1.825171718750000000e+05
1.825381250000000000e+05
1.825621250000000000e+05
1.825820312500000000e+05
1.826116093750000000e+05
1.826288125000000000e+05
1.826529218750000000e+05
1.826757812500000000e+05
1.826931406250000000e+05
1.827078593750000000e+05
1.827302812500000000e+05
1.827475468750000000e+05
1.827698906250000000e+05
1.827858437500000000e+05
1.828022812500000000e+05
1.828192500000000000e+05
1.828370156250000000e+05
1.828602343750000000e+05
1.828740000000000000e+05
1.828935312500000000e+05
1.829110781250000000e+05
1.829305625000000000e+05
1.829468750000000000e+05
1.829630468750000000e+05
1.829821562500000000e+05
1.829991406250000000e+05
1.830158906250000000e+05
1.687149375000000000e+05
1.687508281250000000e+05
1.820735156250000000e+05
1.821107968750000000e+05
1.821360312500000000e+05
1.821572968750000000e+05
1.821858281250000000e+05
1.822060312500000000e+05
1.822279843750000000e+05
1.822523437500000000e+05
1.822688125000000000e+05
1.822888437500000000e+05
1.823092812500000000e+05
1.823392968750000000e+05
1.823561875000000000e+05
1.823747656250000000e+05
1.823998593750000000e+05
1.824420468750000000e+05
1.824620156250000000e+05
1.824838125000000000e+05
1.825089375000000000e+05
1.825318125000000000e+05
1.825514843750000000e+05
1.825690468750000000e+05
1.825862187500000000e+05
1.826053125000000000e+05
1.826302031250000000e+05
1.826429062500000000e+05
1.826673593750000000e+05
1.826891718750000000e+05
1.827092656250000000e+05
1.827358281250000000e+05
1.827583750000000000e+05
1.827767968750000000e+05
1.827923906250000000e+05
1.828067500000000000e+05
1.828251093750000000e+05
1.828462656250000000e+05
1.828661250000000000e+05
1.828861718750000000e+05
1.829101406250000000e+05
1.829320781250000000e+05
1.829503125000000000e+05
1.829704843750000000e+05
1.829932812500000000e+05
1.830185312500000000e+05
1.687223281250000000e+05
1.820828750000000000e+05
1.821112656250000000e+05
1.821318125000000000e+05
1.821512968750000000e+05
1.821682187500000000e+05
1.821879218750000000e+05
1.822078750000000000e+05
1.822240000000000000e+05
1.822446250000000000e+05
1.822693437500000000e+05
1.822928281250000000e+05
1.823132343750000000e+05
1.823305156250000000e+05
1.823472031250000000e+05
1.823694375000000000e+05
1.823876875000000000e+05
1.824074687500000000e+05
1.824327968750000000e+05
1.824555468750000000e+05
1.824769062500000000e+05
1.824981406250000000e+05
1.825156250000000000e+05
1.825340312500000000e+05
1.825544062500000000e+05
1.825749687500000000e+05
1.825929062500000000e+05
1.826083593750000000e+05
1.826326093750000000e+05
1.826539375000000000e+05
1.826773750000000000e+05
1.826939843750000000e+05
1.827096250000000000e+05
1.827268750000000000e+05
1.827432031250000000e+05
1.827581250000000000e+05
1.827793125000000000e+05
1.827942968750000000e+05
1.828142500000000000e+05
1.828354843750000000e+05
1.828539062500000000e+05
1.828711562500000000e+05
1.828892500000000000e+05
1.829074062500000000e+05
1.829304375000000000e+05
1.829524843750000000e+05
1.829704375000000000e+05
1.829882343750000000e+05
1.830040468750000000e+05
