1.687074062500000000e+05
1.800858593750000000e+05
1.801170781250000000e+05
1.801500468750000000e+05
1.801749843750000000e+05
1.801976406250000000e+05
1.802120000000000000e+05
1.802305312500000000e+05
1.802572031250000000e+05
1.802798906250000000e+05
1.803016093750000000e+05
1.803201718750000000e+05
1.803468593750000000e+05
1.803809687500000000e+05
1.804079375000000000e+05
1.804374843750000000e+05
1.804545156250000000e+05
1.804731406250000000e+05
1.804951250000000000e+05
1.805141406250000000e+05
1.805330781250000000e+05
1.805474531250000000e+05
1.805647500000000000e+05
1.805788281250000000e+05
1.805947968750000000e+05
1.806106406250000000e+05
1.806262343750000000e+05
1.806422500000000000e+05
1.806590312500000000e+05
1.806746250000000000e+05
1.806955000000000000e+05
1.807096406250000000e+05
1.807227968750000000e+05
1.807352968750000000e+05
1.807529375000000000e+05
1.807757656250000000e+05
1.808040937500000000e+05
1.808275625000000000e+05
1.808531250000000000e+05
1.808779687500000000e+05
1.808964531250000000e+05
1.809164375000000000e+05
1.809365468750000000e+05
1.809541250000000000e+05
1.809776562500000000e+05
1.809977031250000000e+05
1.810240312500000000e+05
1.810464687500000000e+05
1.687188437500000000e+05
1.800754687500000000e+05
1.801020781250000000e+05
1.801190625000000000e+05
1.801386875000000000e+05
1.801632500000000000e+05
1.801852812500000000e+05
1.802036406250000000e+05
1.802212656250000000e+05
1.802476562500000000e+05
1.802634687500000000e+05
1.802803593750000000e+05
1.802959062500000000e+05
1.803098437500000000e+05
1.803328750000000000e+05
1.803588750000000000e+05
1.803737343750000000e+05
1.803858906250000000e+05
1.803995937500000000e+05
1.804148125000000000e+05
1.804286718750000000e+05
1.804463593750000000e+05
1.804682343750000000e+05
1.804873125000000000e+05
1.805077968750000000e+05
1.805219218750000000e+05
1.805381718750000000e+05
1.805570312500000000e+05
1.805864218750000000e+05
1.806145000000000000e+05
1.806310781250000000e+05
1.806472968750000000e+05
1.806731562500000000e+05
1.806917343750000000e+05
1.807078281250000000e+05
1.807253281250000000e+05
1.807439843750000000e+05
1.807607187500000000e+05
1.807769687500000000e+05
1.807938281250000000e+05
1.808210156250000000e+05
1.808397031250000000e+05
1.808554531250000000e+05
1.808691406250000000e+05
1.808900156250000000e+05
1.809093593750000000e+05
1.809266562500000000e+05
1.809539531250000000e+05
1.809778906250000000e+05
1.810012187500000000e+05
1.810153906250000000e+05
1.810312187500000000e+05
1.810511406250000000e+05
1.800905468750000000e+05
1.801122656250000000e+05
1.801391093750000000e+05
1.801619687500000000e+05
1.801814531250000000e+05
1.802060312500000000e+05
1.802301093750000000e+05
1.802574062500000000e+05
1.802879062500000000e+05
1.803125468750000000e+05
1.803386562500000000e+05
1.803584062500000000e+05
1.803829687500000000e+05
1.804277968750000000e+05
1.804631562500000000e+05
1.805145781250000000e+05
1.805399375000000000e+05
1.805631875000000000e+05
1.805860625000000000e+05
1.806121562500000000e+05
1.806391562500000000e+05
1.806618906250000000e+05
1.806923437500000000e+05
1.807243125000000000e+05
1.807552500000000000e+05
1.807774062500000000e+05
1.807994375000000000e+05
1.808215781250000000e+05
1.808464687500000000e+05
1.808773593750000000e+05
1.809044843750000000e+05
1.809399062500000000e+05
1.809877500000000000e+05
1.810068593750000000e+05
1.810313281250000000e+05
1.810580937500000000e+05
1.800759218750000000e+05
1.800906718750000000e+05
1.801066093750000000e+05
1.801219843750000000e+05
1.801408437500000000e+05
1.801588750000000000e+05
1.801822656250000000e+05
1.802074062500000000e+05
1.802301875000000000e+05
1.802580468750000000e+05
1.802764218750000000e+05
1.802928281250000000e+05
1.803057812500000000e+05
1.803209062500000000e+05
1.803351250000000000e+05
1.803461875000000000e+05
1.803588593750000000e+05
1.803735937500000000e+05
1.803881093750000000e+05
1.804024687500000000e+05
1.804186875000000000e+05
1.804341875000000000e+05
1.804508593750000000e+05
1.804757812500000000e+05
1.804936250000000000e+05
1.805097500000000000e+05
1.805276718750000000e+05
1.805442187500000000e+05
1.805579218750000000e+05
1.805756250000000000e+05
1.805971093750000000e+05
1.806200937500000000e+05
1.806365625000000000e+05
1.806514843750000000e+05
1.806701875000000000e+05
1.806835156250000000e+05
1.807008437500000000e+05
1.807204687500000000e+05
1.807345625000000000e+05
1.807467500000000000e+05
1.807632656250000000e+05
1.807780468750000000e+05
1.807950000000000000e+05
1.808090000000000000e+05
1.808241562500000000e+05
1.808406718750000000e+05
1.808591093750000000e+05
1.808744062500000000e+05
1.808898906250000000e+05
1.809057656250000000e+05
1.809216875000000000e+05
1.809370937500000000e+05
1.809512187500000000e+05
1.809696093750000000e+05
1.809885000000000000e+05
1.810062500000000000e+05
1.810251406250000000e+05
1.810430156250000000e+05
1.810655000000000000e+05
1.687105781250000000e+05
1.800655937500000000e+05
1.800791093750000000e+05
1.800936562500000000e+05
1.801117343750000000e+05
1.801268593750000000e+05
1.801373593750000000e+05
1.801485625000000000e+05
1.801610937500000000e+05
1.801727500000000000e+05
1.801897343750000000e+05
1.802092968750000000e+05
1.802223125000000000e+05
1.802345468750000000e+05
1.802484218750000000e+05
1.802610781250000000e+05
1.802745781250000000e+05
1.802860937500000000e+05
1.802979218750000000e+05
1.803113750000000000e+05
1.803293906250000000e+05
1.803466250000000000e+05
1.803597968750000000e+05
1.803734687500000000e+05
1.803884062500000000e+05
1.804029062500000000e+05
1.804183593750000000e+05
1.804291093750000000e+05
1.804421093750000000e+05
1.804540937500000000e+05
1.804675000000000000e+05
1.804796093750000000e+05
1.804925937500000000e+05
1.805054687500000000e+05
1.805202500000000000e+05
1.805338437500000000e+05
1.805474687500000000e+05
1.805592500000000000e+05
1.805722656250000000e+05
1.805882812500000000e+05
1.805994062500000000e+05
1.806125625000000000e+05
1.806277187500000000e+05
1.806420156250000000e+05
1.806520468750000000e+05
1.806616875000000000e+05
1.806726562500000000e+05
1.806849062500000000e+05
1.806972031250000000e+05
1.807115000000000000e+05
1.807289062500000000e+05
1.807426406250000000e+05
1.807598437500000000e+05
1.807788906250000000e+05
1.807952812500000000e+05
1.808092968750000000e+05
1.808233906250000000e+05
1.808369218750000000e+05
1.808469687500000000e+05
1.808587187500000000e+05
1.808710312500000000e+05
1.808808437500000000e+05
1.808909375000000000e+05
1.809004687500000000e+05
1.809107500000000000e+05
1.809227812500000000e+05
1.809351718750000000e+05
1.809465312500000000e+05
1.809594687500000000e+05
1.809748906250000000e+05
1.809878593750000000e+05
1.809980781250000000e+05
1.810093593750000000e+05
1.810210937500000000e+05
1.810333750000000000e+05
1.810518125000000000e+05
1.688053125000000000e+05
1.800696562500000000e+05
1.800910312500000000e+05
1.801117187500000000e+05
1.801353125000000000e+05
1.801581718750000000e+05
1.801828125000000000e+05
1.802135000000000000e+05
1.802408593750000000e+05
1.802600781250000000e+05
1.802774843750000000e+05
1.802972656250000000e+05
1.803279531250000000e+05
1.803468281250000000e+05
1.803670000000000000e+05
1.803850781250000000e+05
1.804096093750000000e+05
1.804288906250000000e+05
1.804517500000000000e+05
1.804739375000000000e+05
1.804951875000000000e+05
1.805231718750000000e+05
1.805521406250000000e+05
1.805709218750000000e+05
1.805944218750000000e+05
1.806142968750000000e+05
1.806305000000000000e+05
1.806501093750000000e+05
1.806694531250000000e+05
1.806907812500000000e+05
1.807089531250000000e+05
1.807335000000000000e+05
1.807619375000000000e+05
1.807902500000000000e+05
1.808160156250000000e+05
1.808398281250000000e+05
1.808657656250000000e+05
1.808817656250000000e+05
1.808985312500000000e+05
1.809217343750000000e+05
1.809413125000000000e+05
1.809641875000000000e+05
1.809865781250000000e+05
1.810008906250000000e+05
1.810214375000000000e+05
1.810446875000000000e+05
1.811140781250000000e+05
1.687350625000000000e+05
1.800737343750000000e+05
1.800943125000000000e+05
1.801152812500000000e+05
1.801296250000000000e+05
1.801489375000000000e+05
1.801716406250000000e+05
1.801932812500000000e+05
1.802175625000000000e+05
1.802441093750000000e+05
1.802702656250000000e+05
1.802942968750000000e+05
1.803181875000000000e+05
1.803375625000000000e+05
1.803526406250000000e+05
1.803681093750000000e+05
1.803873281250000000e+05
1.804069687500000000e+05
1.804310781250000000e+05
1.804479375000000000e+05
1.804674843750000000e+05
1.804826406250000000e+05
1.804966250000000000e+05
1.805116406250000000e+05
1.805369375000000000e+05
1.805558281250000000e+05
1.805769062500000000e+05
1.806030781250000000e+05
1.806206093750000000e+05
1.806618125000000000e+05
1.806886250000000000e+05
1.807145781250000000e+05
1.807457500000000000e+05
1.807711875000000000e+05
1.807904687500000000e+05
1.808153281250000000e+05
1.808314843750000000e+05
1.808502031250000000e+05
1.808670781250000000e+05
1.808837343750000000e+05
1.809038281250000000e+05
1.809233593750000000e+05
1.809428281250000000e+05
1.809616250000000000e+05
1.809746718750000000e+05
1.809897656250000000e+05
1.810070312500000000e+05
1.810291250000000000e+05
1.810516562500000000e+05
1.800785937500000000e+05
1.800949531250000000e+05
1.801121093750000000e+05
1.801309218750000000e+05
1.801557343750000000e+05
1.801714218750000000e+05
1.801854375000000000e+05
1.802004687500000000e+05
1.802154375000000000e+05
1.802298281250000000e+05
1.802428125000000000e+05
1.802566406250000000e+05
1.802742187500000000e+05
1.802875781250000000e+05
1.803022968750000000e+05
1.803200156250000000e+05
1.803404843750000000e+05
1.803574062500000000e+05
1.803734062500000000e+05
1.803915625000000000e+05
1.804147031250000000e+05
1.804343750000000000e+05
1.804522031250000000e+05
1.804716093750000000e+05
1.804896718750000000e+05
1.805097187500000000e+05
1.805263906250000000e+05
1.805395468750000000e+05
1.805552968750000000e+05
1.805703281250000000e+05
1.805900000000000000e+05
1.806073906250000000e+05
1.806243593750000000e+05
1.806398437500000000e+05
1.806579687500000000e+05
1.806763125000000000e+05
1.806949062500000000e+05
1.807143437500000000e+05
1.807405625000000000e+05
1.807600312500000000e+05
1.807735781250000000e+05
1.807881406250000000e+05
1.808027187500000000e+05
1.808165937500000000e+05
1.808317812500000000e+05
1.808581875000000000e+05
1.808899062500000000e+05
1.809067031250000000e+05
1.809204062500000000e+05
1.809338281250000000e+05
1.809487656250000000e+05
1.809645000000000000e+05
1.809792812500000000e+05
1.809972500000000000e+05
1.810107031250000000e+05
1.810231250000000000e+05
1.810370468750000000e+05
1.810569375000000000e+05
1.687127656250000000e+05
1.800885937500000000e+05
1.801082968750000000e+05
1.801253125000000000e+05
1.801426562500000000e+05
1.801577343750000000e+05
1.801714218750000000e+05
1.801854843750000000e+05
1.801994062500000000e+05
1.802142187500000000e+05
1.802251250000000000e+05
1.802375000000000000e+05
1.802519531250000000e+05
1.802707343750000000e+05
1.802841406250000000e+05
1.802992031250000000e+05
1.803195937500000000e+05
1.803327187500000000e+05
1.803458125000000000e+05
1.803634062500000000e+05
1.803784062500000000e+05
1.803939375000000000e+05
1.804087031250000000e+05
1.804268906250000000e+05
1.804401250000000000e+05
1.804549531250000000e+05
1.804693125000000000e+05
1.804843593750000000e+05
1.804978906250000000e+05
1.805102968750000000e+05
1.805222031250000000e+05
1.805344218750000000e+05
1.805489531250000000e+05
1.805670468750000000e+05
1.805811562500000000e+05
1.805993281250000000e+05
1.806186406250000000e+05
1.806357812500000000e+05
1.806543906250000000e+05
1.806784218750000000e+05
1.806999531250000000e+05
1.807164062500000000e+05
1.807365937500000000e+05
1.807519843750000000e+05
1.807688593750000000e+05
1.807874062500000000e+05
1.808025937500000000e+05
1.808149687500000000e+05
1.808290781250000000e+05
1.808449218750000000e+05
1.808582343750000000e+05
1.808714062500000000e+05
1.808849375000000000e+05
1.809001875000000000e+05
1.809165781250000000e+05
1.809322187500000000e+05
1.809432656250000000e+05
1.809572031250000000e+05
1.809716406250000000e+05
1.809857343750000000e+05
1.810010625000000000e+05
1.810187812500000000e+05
1.810398906250000000e+05
1.810568437500000000e+05
1.811145937500000000e+05
1.687200625000000000e+05
1.800711093750000000e+05
1.800822343750000000e+05
1.800949062500000000e+05
1.801066406250000000e+05
1.801184218750000000e+05
1.801306718750000000e+05
1.801418750000000000e+05
1.801523281250000000e+05
1.801640625000000000e+05
1.801750468750000000e+05
1.801905000000000000e+05
1.802035156250000000e+05
1.802198437500000000e+05
1.802330000000000000e+05
1.802424687500000000e+05
1.802573437500000000e+05
1.802706093750000000e+05
1.802880468750000000e+05
1.803011718750000000e+05
1.803117656250000000e+05
1.803221875000000000e+05
1.803308750000000000e+05
1.803410000000000000e+05
1.803529375000000000e+05
1.803630781250000000e+05
1.803726562500000000e+05
1.803833437500000000e+05
1.803933125000000000e+05
1.804045781250000000e+05
1.804149218750000000e+05
1.804244218750000000e+05
1.804330937500000000e+05
1.804408906250000000e+05
1.804498906250000000e+05
1.804595625000000000e+05
1.804718750000000000e+05
1.804849062500000000e+05
1.805023437500000000e+05
1.805168437500000000e+05
1.805286718750000000e+05
1.805380937500000000e+05
1.805516875000000000e+05
1.805667187500000000e+05
1.805794531250000000e+05
1.805920312500000000e+05
1.806054062500000000e+05
1.806173906250000000e+05
1.806307968750000000e+05
1.806424218750000000e+05
1.806535625000000000e+05
1.806645468750000000e+05
1.806795156250000000e+05
1.806926562500000000e+05
1.807089687500000000e+05
1.807208750000000000e+05
1.807303906250000000e+05
1.807442812500000000e+05
1.807581406250000000e+05
1.807729687500000000e+05
1.807894375000000000e+05
1.808089531250000000e+05
1.808224375000000000e+05
1.808378593750000000e+05
1.808514062500000000e+05
1.808649531250000000e+05
1.808788437500000000e+05
1.808951562500000000e+05
1.809104531250000000e+05
1.809222656250000000e+05
1.809317187500000000e+05
1.809443906250000000e+05
1.809561875000000000e+05
1.809694687500000000e+05
1.809819062500000000e+05
1.809961875000000000e+05
1.810096093750000000e+05
1.810199687500000000e+05
1.810323437500000000e+05
1.810427343750000000e+05
1.810547500000000000e+05
1.810860000000000000e+05
