1.780730156250000000e+05
1.780913750000000000e+05
1.781099687500000000e+05
1.781332656250000000e+05
1.781506562500000000e+05
1.781618125000000000e+05
1.781750000000000000e+05
1.781900937500000000e+05
1.782079687500000000e+05
1.782202656250000000e+05
1.782358750000000000e+05
1.782513437500000000e+05
1.782665937500000000e+05
1.782872500000000000e+05
1.783035781250000000e+05
1.783239687500000000e+05
1.783464687500000000e+05
1.783652656250000000e+05
1.783811093750000000e+05
1.783966562500000000e+05
1.784135156250000000e+05
1.784339687500000000e+05
1.784535937500000000e+05
1.784712343750000000e+05
1.784858281250000000e+05
1.785021875000000000e+05
1.785205781250000000e+05
1.785374531250000000e+05
1.785567812500000000e+05
1.785765625000000000e+05
1.785910937500000000e+05
1.786106406250000000e+05
1.786279531250000000e+05
1.786479062500000000e+05
1.786667343750000000e+05
1.786899531250000000e+05
1.787122968750000000e+05
1.787340000000000000e+05
1.787527656250000000e+05
1.787706406250000000e+05
1.787837187500000000e+05
1.788000937500000000e+05
1.788179062500000000e+05
1.788346718750000000e+05
1.788494375000000000e+05
1.788635625000000000e+05
1.788778125000000000e+05
1.788938593750000000e+05
1.789130468750000000e+05
1.789289687500000000e+05
1.789463750000000000e+05
1.789623750000000000e+05
1.789776562500000000e+05
1.789936093750000000e+05
1.790097812500000000e+05
1.790271562500000000e+05
1.790402656250000000e+05
1.790579531250000000e+05
1.780806093750000000e+05
1.781012500000000000e+05
1.781259687500000000e+05
1.781557812500000000e+05
1.781787812500000000e+05
1.781954062500000000e+05
1.782239843750000000e+05
1.782453750000000000e+05
1.782687187500000000e+05
1.782835468750000000e+05
1.783011562500000000e+05
1.783226406250000000e+05
1.783372812500000000e+05
1.783537031250000000e+05
1.783743750000000000e+05
1.784051250000000000e+05
1.784264218750000000e+05
1.784536250000000000e+05
1.784761718750000000e+05
1.784989218750000000e+05
1.785170937500000000e+05
1.785337656250000000e+05
1.785594843750000000e+05
1.785766250000000000e+05
1.786007812500000000e+05
1.786218593750000000e+05
1.786376093750000000e+05
1.786551093750000000e+05
1.786718593750000000e+05
1.786904375000000000e+05
1.787135156250000000e+05
1.787302812500000000e+05
1.787577656250000000e+05
1.787791718750000000e+05
1.788011406250000000e+05
1.788189218750000000e+05
1.788378906250000000e+05
1.788595937500000000e+05
1.788783750000000000e+05
1.789006093750000000e+05
1.789189375000000000e+05
1.789426562500000000e+05
1.789632343750000000e+05
1.789889531250000000e+05
1.790140312500000000e+05
1.790390781250000000e+05
1.791215781250000000e+05
1.780787343750000000e+05
1.780990468750000000e+05
1.781153437500000000e+05
1.781301875000000000e+05
1.781417500000000000e+05
1.781573750000000000e+05
1.781773906250000000e+05
1.781935625000000000e+05
1.782048906250000000e+05
1.782221562500000000e+05
1.782353750000000000e+05
1.782451718750000000e+05
1.782591562500000000e+05
1.782743125000000000e+05
1.782874843750000000e+05
1.783000937500000000e+05
1.783130156250000000e+05
1.783322656250000000e+05
1.783482656250000000e+05
1.783687968750000000e+05
1.783889843750000000e+05
1.784048437500000000e+05
1.784179062500000000e+05
1.784321093750000000e+05
1.784466406250000000e+05
1.784654218750000000e+05
1.784837031250000000e+05
1.784961093750000000e+05
1.785095937500000000e+05
1.785238750000000000e+05
1.785392500000000000e+05
1.785572187500000000e+05
1.785718125000000000e+05
1.785912187500000000e+05
1.786057656250000000e+05
1.786207031250000000e+05
1.786338281250000000e+05
1.786464218750000000e+05
1.786569687500000000e+05
1.786706250000000000e+05
1.786833437500000000e+05
1.786995468750000000e+05
1.787192343750000000e+05
1.787340000000000000e+05
1.787460937500000000e+05
1.787614687500000000e+05
1.787741875000000000e+05
1.787887500000000000e+05
1.788037343750000000e+05
1.788176562500000000e+05
1.788328906250000000e+05
1.788477343750000000e+05
1.788602031250000000e+05
1.788766718750000000e+05
1.788924687500000000e+05
1.789075156250000000e+05
1.789216562500000000e+05
1.789378281250000000e+05
1.789548281250000000e+05
1.789696875000000000e+05
1.789844375000000000e+05
1.789998593750000000e+05
1.790142812500000000e+05
1.790348281250000000e+05
1.790509843750000000e+05
1.790905625000000000e+05
1.780769375000000000e+05
1.781004843750000000e+05
1.781211093750000000e+05
1.781345312500000000e+05
1.781498750000000000e+05
1.781649218750000000e+05
1.781826718750000000e+05
1.782008437500000000e+05
1.782283281250000000e+05
1.782472500000000000e+05
1.782607812500000000e+05
1.782770468750000000e+05
1.782973437500000000e+05
1.783119375000000000e+05
1.783239531250000000e+05
1.783363906250000000e+05
1.783507343750000000e+05
1.783674375000000000e+05
1.783874843750000000e+05
1.784071875000000000e+05
1.784304218750000000e+05
1.784566718750000000e+05
1.784774687500000000e+05
1.784952031250000000e+05
1.785164375000000000e+05
1.785350937500000000e+05
1.785563437500000000e+05
1.785723750000000000e+05
1.785863593750000000e+05
1.786012187500000000e+05
1.786186875000000000e+05
1.786437500000000000e+05
1.786682656250000000e+05
1.786820781250000000e+05
1.786992187500000000e+05
1.787137656250000000e+05
1.787303906250000000e+05
1.787429843750000000e+05
1.787600937500000000e+05
1.787769531250000000e+05
1.787931250000000000e+05
1.788103750000000000e+05
1.788246250000000000e+05
1.788399687500000000e+05
1.788582343750000000e+05
1.788777968750000000e+05
1.788918750000000000e+05
1.789162187500000000e+05
1.789354687500000000e+05
1.789587187500000000e+05
1.789838593750000000e+05
1.790037187500000000e+05
1.790204531250000000e+05
1.790373437500000000e+05
1.790561093750000000e+05
1.687378750000000000e+05
1.780670468750000000e+05
1.780811406250000000e+05
1.780987812500000000e+05
1.781134531250000000e+05
1.781266250000000000e+05
1.781418281250000000e+05
1.781636875000000000e+05
1.781838750000000000e+05
1.782030312500000000e+05
1.782264843750000000e+05
1.782419375000000000e+05
1.782583125000000000e+05
1.782721718750000000e+05
1.782855937500000000e+05
1.782988906250000000e+05
1.783124062500000000e+05
1.783283125000000000e+05
1.783477187500000000e+05
1.783645156250000000e+05
1.783847187500000000e+05
1.784108906250000000e+05
1.784278906250000000e+05
1.784445312500000000e+05
1.784663281250000000e+05
1.784816406250000000e+05
1.784998906250000000e+05
1.785163125000000000e+05
1.785310937500000000e+05
1.785460000000000000e+05
1.785706875000000000e+05
1.785934375000000000e+05
1.786088437500000000e+05
1.786270468750000000e+05
1.786452656250000000e+05
1.786653593750000000e+05
1.786801406250000000e+05
1.786993906250000000e+05
1.787222031250000000e+05
1.787432187500000000e+05
1.787619375000000000e+05
1.787798593750000000e+05
1.787968281250000000e+05
1.788123593750000000e+05
1.788272343750000000e+05
1.788479062500000000e+05
1.788627031250000000e+05
1.788811562500000000e+05
1.788980312500000000e+05
1.789149062500000000e+05
1.789316718750000000e+05
1.789517343750000000e+05
1.789706562500000000e+05
1.789872031250000000e+05
1.790071562500000000e+05
1.790267656250000000e+05
1.790456718750000000e+05
1.780804062500000000e+05
1.780954218750000000e+05
1.781136093750000000e+05
1.781394375000000000e+05
1.781557812500000000e+05
1.781774687500000000e+05
1.781923437500000000e+05
1.782127031250000000e+05
1.782306718750000000e+05
1.782489062500000000e+05
1.782679843750000000e+05
1.782890156250000000e+05
1.783118906250000000e+05
1.783384375000000000e+05
1.783555312500000000e+05
1.783748906250000000e+05
1.783895000000000000e+05
1.784126875000000000e+05
1.784344843750000000e+05
1.784501250000000000e+05
1.784669531250000000e+05
1.784900781250000000e+05
1.785210000000000000e+05
1.785411718750000000e+05
1.785613750000000000e+05
1.785862500000000000e+05
1.786089375000000000e+05
1.786281562500000000e+05
1.786507343750000000e+05
1.786695312500000000e+05
1.786911562500000000e+05
1.787129843750000000e+05
1.787395000000000000e+05
1.787634218750000000e+05
1.787842343750000000e+05
1.788052812500000000e+05
1.788210937500000000e+05
1.788454687500000000e+05
1.788695000000000000e+05
1.788884218750000000e+05
1.789131875000000000e+05
1.789335468750000000e+05
1.789526562500000000e+05
1.789728593750000000e+05
1.789964687500000000e+05
1.790171250000000000e+05
1.790354843750000000e+05
1.790594843750000000e+05
1.780719218750000000e+05
1.780882656250000000e+05
1.781067812500000000e+05
1.781225000000000000e+05
1.781405781250000000e+05
1.781563125000000000e+05
1.781726718750000000e+05
1.781912656250000000e+05
1.782080156250000000e+05
1.782298437500000000e+05
1.782492187500000000e+05
1.782670312500000000e+05
1.782895781250000000e+05
1.783217812500000000e+05
1.783467343750000000e+05
1.783683750000000000e+05
1.783848437500000000e+05
1.784072968750000000e+05
1.784286250000000000e+05
1.784463906250000000e+05
1.784685625000000000e+05
1.784922343750000000e+05
1.785122500000000000e+05
1.785308281250000000e+05
1.785514218750000000e+05
1.785744531250000000e+05
1.786000937500000000e+05
1.786185781250000000e+05
1.786376250000000000e+05
1.786622656250000000e+05
1.786890156250000000e+05
1.787034375000000000e+05
1.787231093750000000e+05
1.787442500000000000e+05
1.787587500000000000e+05
1.787746093750000000e+05
1.787945156250000000e+05
1.788111406250000000e+05
1.788309531250000000e+05
1.788490781250000000e+05
1.788682500000000000e+05
1.788920156250000000e+05
1.789117031250000000e+05
1.789255468750000000e+05
1.789420781250000000e+05
1.789597031250000000e+05
1.789740468750000000e+05
1.789883125000000000e+05
1.790083593750000000e+05
1.790286250000000000e+05
1.790519375000000000e+05
1.780731093750000000e+05
1.780914062500000000e+05
1.781077500000000000e+05
1.781325781250000000e+05
1.781476875000000000e+05
1.781665625000000000e+05
1.781855937500000000e+05
1.782088437500000000e+05
1.782279843750000000e+05
1.782453593750000000e+05
1.782644687500000000e+05
1.782824218750000000e+05
1.783044375000000000e+05
1.783262656250000000e+05
1.783496093750000000e+05
1.783685312500000000e+05
1.783878437500000000e+05
1.784126250000000000e+05
1.784296875000000000e+05
1.784517656250000000e+05
1.784881875000000000e+05
1.785070781250000000e+05
1.785238281250000000e+05
1.785488593750000000e+05
1.785729531250000000e+05
1.785900937500000000e+05
1.786096718750000000e+05
1.786330781250000000e+05
1.786517656250000000e+05
1.786717187500000000e+05
1.786895156250000000e+05
1.787132343750000000e+05
1.787311718750000000e+05
1.787497031250000000e+05
1.787687968750000000e+05
1.787914843750000000e+05
1.788110937500000000e+05
1.788293593750000000e+05
1.788481093750000000e+05
1.788738125000000000e+05
1.788954531250000000e+05
1.789137968750000000e+05
1.789329062500000000e+05
1.789486562500000000e+05
1.789697500000000000e+05
1.789846718750000000e+05
1.790003125000000000e+05
1.790180312500000000e+05
1.790402656250000000e+05
1.790790312500000000e+05
1.780703125000000000e+05
1.780855312500000000e+05
1.781021562500000000e+05
1.781169531250000000e+05
1.781331718750000000e+05
1.781453906250000000e+05
1.781577656250000000e+05
1.781707812500000000e+05
1.781851875000000000e+05
1.781981406250000000e+05
1.782121875000000000e+05
1.782307500000000000e+05
1.782484062500000000e+05
1.782640468750000000e+05
1.782826250000000000e+05
1.783004375000000000e+05
1.783157187500000000e+05
1.783290312500000000e+05
1.783425000000000000e+05
1.783578125000000000e+05
1.783758281250000000e+05
1.783928593750000000e+05
1.784101562500000000e+05
1.784247968750000000e+05
1.784400156250000000e+05
1.784562812500000000e+05
1.784724687500000000e+05
1.784866875000000000e+05
1.784980156250000000e+05
1.785126250000000000e+05
1.785277656250000000e+05
1.785429843750000000e+05
1.785597812500000000e+05
1.785745000000000000e+05
1.785930312500000000e+05
1.786075156250000000e+05
1.786224062500000000e+05
1.786380625000000000e+05
1.786500625000000000e+05
1.786622968750000000e+05
1.786762656250000000e+05
1.786914375000000000e+05
1.787084062500000000e+05
1.787258593750000000e+05
1.787410000000000000e+05
1.787527812500000000e+05
1.787643593750000000e+05
1.787779531250000000e+05
1.787922343750000000e+05
1.788065781250000000e+05
1.788207187500000000e+05
1.788324062500000000e+05
1.788463593750000000e+05
1.788596875000000000e+05
1.788775000000000000e+05
1.788929531250000000e+05
1.789072187500000000e+05
1.789200468750000000e+05
1.789320625000000000e+05
1.789431250000000000e+05
1.789550781250000000e+05
1.789673750000000000e+05
1.789843281250000000e+05
1.789979843750000000e+05
1.790180000000000000e+05
1.790400937500000000e+05
1.790890156250000000e+05
1.687035312500000000e+05
1.780765937500000000e+05
1.780934375000000000e+05
1.781049375000000000e+05
1.781210468750000000e+05
1.781351406250000000e+05
1.781524218750000000e+05
1.781680312500000000e+05
1.781809375000000000e+05
1.781939375000000000e+05
1.782085000000000000e+05
1.782234375000000000e+05
1.782344375000000000e+05
1.782451718750000000e+05
1.782601875000000000e+05
1.782728750000000000e+05
1.782835000000000000e+05
1.782975937500000000e+05
1.783137187500000000e+05
1.783330468750000000e+05
1.783496250000000000e+05
1.783655312500000000e+05
1.783782656250000000e+05
1.783918906250000000e+05
1.784034375000000000e+05
1.784150312500000000e+05
1.784267968750000000e+05
1.784418437500000000e+05
1.784571875000000000e+05
1.784732968750000000e+05
1.784845937500000000e+05
1.784960000000000000e+05
1.785094687500000000e+05
1.785264531250000000e+05
1.785408281250000000e+05
1.785521406250000000e+05
1.785656875000000000e+05
1.785799531250000000e+05
1.785957656250000000e+05
1.786088281250000000e+05
1.786228437500000000e+05
1.786365000000000000e+05
1.786551562500000000e+05
1.786677187500000000e+05
1.786793125000000000e+05
1.786950000000000000e+05
1.787082343750000000e+05
1.787211562500000000e+05
1.787348437500000000e+05
1.787456093750000000e+05
1.787587343750000000e+05
1.787731406250000000e+05
1.787872968750000000e+05
1.787982656250000000e+05
1.788121562500000000e+05
1.788269218750000000e+05
1.788386562500000000e+05
1.788506718750000000e+05
1.788651875000000000e+05
1.788806718750000000e+05
1.788954062500000000e+05
1.789085468750000000e+05
1.789199062500000000e+05
1.789312187500000000e+05
1.789444062500000000e+05
1.789547500000000000e+05
1.789672187500000000e+05
1.789809687500000000e+05
1.789948750000000000e+05
1.790061875000000000e+05
1.790198906250000000e+05
1.790352812500000000e+05
1.790527187500000000e+05
1.791014687500000000e+05
